0	1	2	Energy	LOF
1.000024056618809e-10	1.0000236749796443e-10	0.9999999997999999	24100.021	0.004292276350702933
0.0019464925277009643	0.01556134494423364	0.9824921625280789	24100.178	0.009761579855734125
0.005868973801302146	0.024947593008584693	0.9691834331901111	24100.332000000002	0.013486950230756333
0.0021979233960052404	0.021973866684274063	0.975828209919731	24100.487999999998	0.011898222667701864
0.006508374347616461	0.025419646491797745	0.9680719791605858	24100.645	0.014748080288503622
0.0010483064231315972	0.02391687431134265	0.975034819265523	24100.8	0.015839255376124
0.0035650388797472564	0.05645876257918542	0.939976198541062	24100.957000000002	0.015103011445386985
1.5044947756677474e-06	0.2566605543140372	0.7433379411911871	24101.112999999998	0.0065003326634980214
0.09690033328253707	0.9030996667174628	2.2065682614424986e-15	24101.267999999996	0.00707251392118503
0.2170107496768434	0.7829892503231674	-4.343747583845925e-15	24101.424	0.0003923397922342588
0.2193284328258595	0.7806715671741515	-1.1338152638984411e-14	24101.58	0.0087253713701203
0.21421079053075018	0.785789209469246	-5.551115123125783e-15	24101.736	0.010524719389887895
0.22369928865046074	0.7763007113495481	-1.304512053934559e-15	24101.892999999996	0.003907166088809351
0.2227382530180774	0.777261746981922	-1.27675647831893e-14	24102.047000000002	0.0037436086147772368
0.2180687580699883	0.781931241930008	-7.41073868937292e-15	24102.202999999998	0.009122978014386416
0.21686327317909315	0.7831367268209194	-3.2335245592207684e-15	24102.36	0.008932831679496938
0.2196412144001135	0.7803587855999011	-3.649858193455202e-15	24102.516	0.013982378837100256
0.22435869275112807	0.7756413072488733	-6.411537967210279e-15	24102.672000000002	0.007269257747624412
0.22130543659242202	0.7786945634075789	-4.246603069191224e-15	24102.827999999998	0.009888858645400525
0.22587421327032065	0.7741257867296906	-1.086630785351872e-14	24102.982000000004	0.010013899805821931
0.2254214580964017	0.774578541903601	-8.326672684688674e-16	24103.139	0.01145115394567357
0.2301104975279739	0.7698895024720316	-5.023759186428833e-15	24103.295	0.005015369992356262
0.2254547824427644	0.7745452175572545	-1.2490009027033011e-15	24103.451	0.0097566872689672
0.23170708270216825	0.768292917297845	3.649858193455202e-15	24103.607000000004	0.0012662420642100501
0.23014844133447643	0.7698515586655279	-4.690692279041286e-15	24103.764	0.004446698352368486
0.23239585795466694	0.7676041420453291	-3.6637359812630166e-15	24103.917999999998	0.007494556199273495
0.23265483933815703	0.7673451606618544	-3.58046925441613e-15	24104.074	3.534311321383115e-05
0.2338909989050026	0.7661090010950038	-1.0158540675320182e-14	24104.23	0.002652987677686155
0.2360378797982365	0.7639621202017864	-7.049916206369744e-15	24104.387000000002	0.002073134616531125
0.23598900846936144	0.7640109915306414	-4.135580766728708e-15	24104.542999999998	0.001981241547386005
0.2333472622070227	0.7666527377929877	-4.440892098500626e-15	24104.7	0.003545059343509056
0.23748912885711887	0.762510871142884	-2.1094237467877974e-15	24104.855	0.014155557088140725
0.2387842988828354	0.7612157011171701	-1.5959455978986625e-15	24105.01	0.0014496459442368405
0.24131024829265393	0.7586897517073496	-9.256484467812243e-15	24105.166	0.006567653276917009
0.2365234987854309	0.7634765012145807	-1.1102230246251565e-16	24105.322	0.014184989348285703
0.24091346566286606	0.7590865343371473	-5.384581669432009e-15	24105.479	0.00796354312634701
0.24261708114801966	0.7573829188519814	1.4432899320127035e-15	24105.635	0.0028412963925171925
0.24382883756956256	0.7561711624304521	-2.248201624865942e-15	24105.791	0.006341880021532545
0.24264340136106946	0.7573565986389417	-7.716050021144838e-15	24105.945	0.003846063767911353
0.24760999319089566	0.7523900068091159	-7.549516567451064e-15	24106.102000000003	0.0029990167626892856
0.24955689240447998	0.7504431075955194	-7.854827899222983e-15	24106.257999999998	0.0001018114771595142
0.24820133969433678	0.7517986603056539	-1.2212453270876722e-15	24106.414	0.0031266876922087655
0.24707689783334325	0.7529231021666576	-4.315992008230296e-15	24106.57	0.004822825103685109
0.254174803165932	0.7458251968340648	-1.0769163338864018e-14	24106.727000000003	0.00591963261380229
0.2509536037657792	0.7490463962342215	-9.353628982466944e-15	24106.882999999998	0.006429216010054642
0.25130910923377586	0.7486908907662393	-7.313594174718219e-15	24107.037	0.006109772241077744
0.2501304882087688	0.7498695117912361	-3.469446951953614e-15	24107.191000000003	0.016307850722181442
0.2516311386579718	0.7483688613420358	-7.28583859910259e-15	24107.347999999998	0.004500455850621804
0.25596717574354605	0.744032824256461	-2.733924198139448e-15	24107.504	0.002902795583948478
0.25533199712506016	0.7446680028749428	-9.936496070395151e-15	24107.66	0.005820426585276139
0.2577244065691609	0.7422755934308373	-5.88418203051333e-15	24107.816000000003	0.003343375666084515
0.2602856075425281	0.7397143924574833	-7.979727989493313e-15	24107.97	0.005645242990119996
0.25944188138427604	0.7405581186157207	-9.450773497121645e-15	24108.127	0.005891916058436005
0.25897974902513554	0.7410202509748617	-5.065392549852277e-15	24108.283	0.00034429408161399956
0.26025309369048616	0.7397469063095276	-2.8449465006019636e-15	24108.44	0.006003597341897002
0.26337814363287315	0.7366218563671388	-1.4016565685892601e-15	24108.596	0.0035066806611120443
0.2673795580974494	0.7326204419025713	-5.925815393936773e-15	24108.752	0.0010789483852842283
0.26776003093938083	0.7322399690606246	-4.413136522884997e-15	24108.908	0.0031798093084131687
0.26518386875562466	0.7348161312443783	-8.201772594418344e-15	24109.064	0.011699395906243214
0.27340129399967106	0.7265987060003329	-4.135580766728708e-15	24109.218999999997	0.008118383993761089
0.27230637968613697	0.7276936203138603	-4.5102810375396984e-15	24109.375	0.0012651572818835743
0.2748026565214416	0.7251973434785647	-6.63358257213531e-15	24109.531000000003	0.0054699298919772205
0.26927579787553546	0.7307242021244627	-6.13398221105399e-15	24109.688	0.005452010567897922
0.2732012992872005	0.7267987007128112	-2.733924198139448e-15	24109.843999999997	0.0013963009146101405
0.2767768146881185	0.723223185311876	-5.190292640122607e-15	24110.0	0.003683811243107472
0.27942494969247783	0.7205750503075299	-5.648259637780484e-15	24110.156000000003	0.00025218256709803844
0.27800014959280084	0.7219998504072032	-4.6629367034256575e-15	24110.312	0.0035325867810770527
0.2743648967712023	0.7256351032288094	5.578870698741412e-15	24110.467	0.0038134419016274523
0.28160178428722005	0.7183982157127795	-6.869504964868156e-15	24110.623	0.00316933232681992
0.2785731598174205	0.7214268401825784	-8.604228440844963e-16	24110.78	0.005454040436070202
0.28103238077177345	0.7189676192282288	-9.520162436160717e-15	24110.936	0.004148509477767953
0.2817684150000394	0.7182315849999767	5.079270337660091e-15	24111.092	0.0016795203221340968
0.2820796097017098	0.7179203902983021	-1.5959455978986625e-15	24111.248	0.009342442616245228
0.2847782745146459	0.7152217254853497	-6.161737786669619e-15	24111.404	0.005462999030196122
0.288281189949106	0.7117188100508975	3.70536934468646e-15	24111.56	0.001402017550878236
0.2906787634791963	0.7093212365208107	-1.7208456881689926e-15	24111.717	0.0012317553543629567
0.28889635556206017	0.7111036444379514	-7.882583474838611e-15	24111.871	0.0027520989274590377
0.2878363685257923	0.7121636314742028	-3.733124920302089e-15	24112.027000000002	0.0026212619342220814
0.28649582470123974	0.7135041752987705	-1.0158540675320182e-14	24112.183999999997	0.006086898288125637
0.2903569494373529	0.7096430505626519	-6.231126725708691e-15	24112.34	0.0028950471910909412
0.28697091167164374	0.7130290883283656	-1.2878587085651816e-14	24112.496	0.011860498247143256
0.29273725454309124	0.7072627454569006	-4.871103520542874e-15	24112.652000000002	0.002402062086927169
0.29526037150051165	0.7047396284994946	8.743006318923108e-16	24112.808999999997	0.005806834399455163
0.29392248069727755	0.7060775193027347	-8.729128531115293e-15	24112.965	0.002921202859689917
0.2923870926178928	0.7076129073821155	-3.3029134982598407e-15	24113.121	0.023870671866095886
0.29661581760819966	0.7033841823918086	-6.925016116099414e-15	24113.277000000002	0.0014569654501137333
0.2979097924618338	0.7020902075381704	9.159339953157541e-16	24113.432	0.007539893906183769
0.3032023064459443	0.696797693554058	-3.094746681142624e-15	24113.588	0.004590079200785871
0.3006659776987264	0.6993340223012634	4.760081218080359e-15	24113.744	0.007522399803492193
0.29671726055017666	0.7032827394498317	-2.5673907444456745e-15	24113.9	0.001352892775680663
0.303959615400265	0.6960403845997436	-8.743006318923108e-16	24114.057	0.001307467325170265
0.3010425134021254	0.6989574865978702	6.827871601444713e-15	24114.213	0.008290574960111319
0.30507234380607356	0.6949276561939397	-4.871103520542874e-15	24114.37	0.003898020276957931
0.30500250409722657	0.6949974959027793	-5.717648576819556e-15	24114.525	0.004986620255383244
0.3048413274404879	0.6951586725595069	-1.915134717478395e-15	24114.682	0.002272657821092869
0.31343894332821154	0.6865610566717899	-2.733924198139448e-15	24114.838	0.003414289956657858
0.31112865153508146	0.6888713484649231	-1.0130785099704553e-15	24114.994	0.003064805751186595
0.3157735627024857	0.6842264372975129	-4.121702978920894e-15	24115.147999999997	0.00762542023330174
0.3171809050087039	0.682819094991292	-9.58955137519979e-15	24115.303	0.002874957976791897
0.3120659240466946	0.6879340759532976	-2.789435349370706e-15	24115.459	0.004335215232042789
0.319327011689935	0.6806729883100736	4.440892098500626e-16	24115.615	0.006158007974093437
0.3194311674680774	0.6805688325319235	-2.3175905639050143e-15	24115.771	0.0007826103833785928
0.3220693177422575	0.6779306822577374	-5.398459457239824e-15	24115.928	0.0014384728480308035
0.3203854396732666	0.679614560326732	-4.468647674116255e-15	24116.084	0.004701219736533537
0.3218619322976747	0.6781380677023358	-9.58955137519979e-15	24116.24	0.0020488200347414946
0.32139991407107255	0.6786000859289343	-3.1363800445660672e-15	24116.396	0.003867031990804219
0.3180393417960747	0.6819606582039424	-8.43769498715119e-15	24116.55	0.004307894167742341
0.3266708257219997	0.6733291742780008	-3.927413949611491e-15	24116.707000000002	0.0009246235604485097
0.3235317470992287	0.6764682529007708	-1.0005885009434223e-14	24116.862999999998	0.0009864774345374778
0.33009017599644386	0.669909824003566	2.858824288409778e-15	24117.02	0.001710097181431644
0.3305967927673787	0.6694032072326311	-5.440092820663267e-15	24117.176	0.0016000468772242556
0.32910321840505624	0.6708967815949615	-9.242606680004428e-15	24117.332000000002	0.0007091024066950112
0.33044259748303234	0.6695574025169676	-3.885780586188048e-16	24117.487999999998	0.008246817357906548
0.3287941576386343	0.6712058423613781	-8.631984016460592e-15	24117.645	0.0007717542329240098
0.3308254994339736	0.6691745005660238	-5.2735593669694936e-15	24117.8	0.0042680590455199076
0.33394704886696003	0.6660529511330432	-7.494005416219807e-16	24117.957000000002	0.0007553391424861746
0.33255354977674423	0.667446450223267	-2.2343238370581275e-15	24118.112999999998	0.002147129639788309
0.3435004410611956	0.6564995589388114	-5.245803791353865e-15	24118.27	0.016577555136873975
0.33714046318203444	0.6628595368179713	4.3021142204224816e-16	24118.426	0.005192474826449137
0.3396946921703962	0.6603053078296116	-5.245803791353865e-15	24118.582000000002	0.0006354361516128067
0.3390752447004693	0.6609247552995434	-9.06219543850284e-15	24118.737999999998	0.0079324679128759
0.34024493214260615	0.6597550678573945	-4.246603069191224e-15	24118.892999999996	0.0027009149115700504
0.33988580600711815	0.6601141939928956	-2.2898349882893854e-15	24119.049	0.001069221382592961
0.34276707216477237	0.6572329278352442	-6.980527267330672e-15	24119.205	0.0015104585759212648
0.3462841680480221	0.6537158319519821	-3.733124920302089e-15	24119.361	0.0018760229107087445
0.3448996404913222	0.6551003595086746	-1.2073675392798577e-15	24119.517999999996	0.0071595363115395305
0.35108256169670987	0.6489174383032973	-7.355227538141662e-15	24119.674	0.004081671969098394
0.3524372914656604	0.6475627085343229	2.1913026948539027e-14	24119.83	0.0003590239383654118
0.35219218264480384	0.6478078173551982	-7.632783294297951e-16	24119.986	0.005149376587868486
0.34851912614978203	0.6514808738502226	-7.28583859910259e-15	24120.142999999996	0.00622196087241078
0.35626755667171034	0.6437324433267055	1.5841078448985968e-12	24120.299	0.0068735311588402435
0.35169626918115643	0.6483037308188544	-3.0531133177191805e-15	24120.455	0.004717361826401539
0.3542456303028619	0.6457543696969141	2.240430063693566e-13	24120.611	0.007450382139824863
0.35719142507619894	0.6428085749180169	5.795502966421395e-12	24120.767999999996	0.004782256060500352
0.3548772661382326	0.6451227338613614	4.0112357879706906e-13	24120.924	0.00022621717014612106
0.36079297785219	0.639207022147811	1.5265566588595902e-16	24121.08	0.003545409039990082
0.3589514825750657	0.6410485174249424	-3.95516952522712e-15	24121.236	0.0017355488377380633
0.36004699256161615	0.6399530074384004	-2.4147350785597155e-15	24121.392999999996	0.005439060965299128
0.363771773606042	0.6362282263939725	-3.0808688933348094e-15	24121.549	0.009139035490764209
0.3645233032753737	0.6354766967246285	-8.673617379884035e-15	24121.705	0.001060614435234382
0.3655512192476498	0.6344487807523596	-7.646661082105766e-15	24121.861	0.004280243137470595
0.3701821687606723	0.6298178312393415	-7.605027718682322e-15	24122.016	0.0056313225327196395
0.3681314986674928	0.6318685013325086	-3.622102617839573e-15	24122.172000000002	0.001909664608931308
0.3706685915339172	0.629331408466099	-4.3021142204224816e-16	24122.327999999998	0.0022205188727178124
0.37203624183265643	0.6279637581673427	-7.840950111415168e-15	24122.484	0.0008523129116187483
0.3769099643692333	0.6230900356307862	-7.313594174718219e-15	24122.64	0.0067996769424225455
0.37744187119052125	0.6225581288094855	-1.4710455076283324e-15	24122.797000000002	0.010952169937932332
0.37909485759832207	0.6209051424016765	-6.980527267330672e-15	24122.952999999998	0.006931528613628515
0.3785758373451825	0.6214241626548401	-7.424616477180734e-15	24123.11	0.006673686810101306
0.37817759437934506	0.6218224056206659	-1.0505485370515544e-14	24123.266	0.0016398191618801007
0.37862511516712694	0.6213748848328808	-2.67841304690819e-15	24123.422000000002	0.0013128257134027168
0.3782437996104729	0.6217562003895356	-1.0907941216942163e-14	24123.576	0.0007155886156462961
0.38489621244708966	0.6151037875529191	-6.356026815979021e-15	24123.732000000004	0.004976465889247394
0.3838355354608609	0.6161644645391435	-9.256484467812243e-15	24123.889	0.0056304008068986345
0.3840775304394852	0.615922469560521	-6.744604874597826e-15	24124.045	0.003992574353146146
0.38325558314960306	0.6167444168504048	-6.827871601444713e-15	24124.201	0.0008898730448851606
0.3879921966145861	0.6120078033854187	-1.2073675392798577e-15	24124.357000000004	0.0006977946449401272
0.38636067305982635	0.6136393269386916	1.4759304889366831e-12	24124.514	0.0037387545816624916
0.39293608094866567	0.6070639190513428	-1.0103029524088925e-14	24124.67	0.0034254815719493683
0.3887811394981603	0.6112188605018385	-4.912736883966318e-15	24124.826	0.0022013656676471653
0.390697925102932	0.6093020748970772	-3.774758283725532e-15	24124.982000000004	0.0011515504224898427
0.39544541109571046	0.6045545889042939	-4.3021142204224816e-15	24125.139	0.006643802041214413
0.39770502522557943	0.602294974774422	-1.3600232051658168e-15	24125.295	0.0064086269148591075
0.40433203667643675	0.5956679633235339	3.111400026512001e-14	24125.451	0.018879595118496986
0.40511108716259736	0.5948889128374013	-4.3021142204224816e-16	24125.607000000004	0.009416198281456012
0.39922537274978825	0.600774627250213	-7.979727989493313e-15	24125.764	0.001671070831936417
0.4058110114091737	0.5941889885908362	4.274358644806853e-15	24125.92	0.017972743287118446
0.40263309631334865	0.5973669036865448	9.930944955272025e-14	24126.076	0.0012345899505882489
0.4063730293290125	0.5936269706709933	4.649058915617843e-15	24126.232000000004	0.007872264969022979
0.4094136860554797	0.5905863139445289	-1.086630785351872e-14	24126.389	0.011884773520293771
0.4078722703811002	0.5921277296189089	-2.7755575615628914e-17	24126.545	0.0009700832562803711
0.41309249680105814	0.5869075031932188	5.728903462731694e-12	24126.701	0.011034790259572436
0.409963206881995	0.5900367931180154	-4.343747583845925e-15	24126.857000000004	0.0008488677511599382
0.41622418356259944	0.5837758164315124	5.889469467668107e-12	24127.014	0.0012446927203487398
0.4173988614729156	0.5826011385216798	5.4105192548448144e-12	24127.167999999998	0.007406464275739508
0.41911162849330735	0.5808883715005555	6.128111906811284e-12	24127.324	0.0054218779820537286
0.42545601284042667	0.5745439871513078	8.265624296122098e-12	24127.48	0.010356959904142135
0.4221814057942914	0.5778185941991472	6.554035092420918e-12	24127.637000000002	0.008564691332846874
0.4228824383127298	0.5771175616802627	7.008435498612187e-12	24127.792999999998	0.0007557877726022238
0.4263783341070028	0.5736216658863521	6.642367211817657e-12	24127.95	0.005956164640572127
0.4274738247626738	0.5725261752307229	6.6020799938115715e-12	24128.105	0.0004449658578615159
0.4226291132563587	0.5773708867378563	5.778988398930096e-12	24128.262000000002	0.00029135462522108136
0.4306686838064874	0.5693313161864102	7.104969390603344e-12	24128.417999999998	0.00610296722923046
0.4355173909121922	0.5644826090795471	8.260919726055249e-12	24128.574	0.011553668997510024
0.4341361837284566	0.5658638162643023	7.244926880645153e-12	24128.732000000004	0.0010183881150492304
0.43788629282559777	0.5621137071650829	9.317477345227587e-12	24128.889	0.013802520525062778
0.44201188209966114	0.5579881178895386	1.0802289618361272e-11	24129.045	0.006601961232038631
0.44020260902452574	0.559797390966271	9.196532424482484e-12	24129.201	0.0068100032512652285
0.44127053613835615	0.5587294638525975	9.05667207895533e-12	24129.357000000004	0.006648761531570334
0.4548070934092723	0.5451929065769927	1.3740938942241598e-11	24129.514	0.015472446864519474
0.4509013785983537	0.5490986213892259	1.2419051897971656e-11	24129.67	0.004887492863680715
0.44720091787531463	0.5527990821153506	9.344802709421174e-12	24129.826	0.0018172107765824037
0.4512789048899452	0.5487210950989275	1.113344139103134e-11	24129.982000000004	0.0003998595516762185
0.4572646015951546	0.5427353983898016	1.5050183321818622e-11	24130.139	0.004471162513103785
0.4616408611174693	0.5383591388691421	1.3386500241630017e-11	24130.295	0.004203895802882936
0.467723788455322	0.5322762115260251	1.865263499212233e-11	24130.451	0.0028676513592557303
0.46970796400755715	0.5302920359735156	1.892967727012973e-11	24130.607000000004	0.01422957063991865
0.47225526426222836	0.5277447357210934	1.666947135881003e-11	24130.764	0.0009200656410611097
0.48182227474873485	0.5181777252304652	2.0807855438675915e-11	24130.92	0.0066154781676691955
0.4767145353257934	0.5232854646570849	1.7114115680172404e-11	24131.076	0.0015099545864691714
0.4831482119049249	0.5168517880745604	2.0510884657376494e-11	24131.232000000004	0.008304811862116767
0.4895231764185347	0.5104768235559327	2.5537502668093737e-11	24131.389	0.010089312543118338
0.486150110304097	0.5138498896752794	2.062322534968075e-11	24131.545	0.0036928392739385323
0.49612069240836065	0.5038793075613348	3.0319621813212905e-11	24131.7	0.012421455811758507
0.49914763971680637	0.5008523602490604	3.413171134614146e-11	24131.855	0.003220060255236513
0.5097067271152178	0.490293272842345	4.243173867823913e-11	24132.012000000002	0.01175154068241656
0.5136514446398822	0.486348555320129	3.9995520784152916e-11	24132.167999999998	0.012052243549123336
0.5187571442017883	0.48124285575476344	4.34556834960631e-11	24132.324	0.007292491632692978
0.5233795822746786	0.47662041767569574	4.962953659148894e-11	24132.48	0.013067447727408806
0.5276326099803842	0.47236738996597777	5.3630475060906235e-11	24132.637000000002	0.005501708133254382
0.531562707230303	0.4684372927113226	5.836724159546947e-11	24132.792999999998	0.007308892206114095
0.5406767161426814	0.45932328379282633	6.447925526842369e-11	24132.95	0.012526540997097406
0.5492010065869086	0.45079899332049367	9.259223943125505e-11	24133.105	0.017817765364700127
0.5514874847322628	0.44851251517829877	8.941865303757623e-11	24133.262000000002	0.0034177824100756677
0.5561335671537163	0.4438664327739457	7.233211252177796e-11	24133.417999999998	0.0034351311613098987
0.5598964079860906	0.4401035919306887	8.321701661095915e-11	24133.574	0.0020044121578082167
0.5704142000202024	0.42958579988523027	9.457072625007612e-11	24133.73	0.00824889205271076
0.5731592469038126	0.4268407530180431	7.814196512079263e-11	24133.887000000002	0.005861829003124067
0.5871367203666139	0.41286327950773527	1.2565849749623936e-10	24134.042999999998	0.006882434463500998
0.5934618620403086	0.406538137819222	1.4046941387846346e-10	24134.2	0.004102761175729155
0.6013847995399986	0.3986152003490498	1.1094659913002403e-10	24134.355	0.00565674002003248
0.6057641360173961	0.394235863831056	1.515405440022377e-10	24134.512000000002	0.004839196735811144
0.6170680347236279	0.38293196512258265	1.537801136430872e-10	24134.667999999998	0.0003031289832664989
0.630360515418834	0.3696394844102245	1.7095473647810167e-10	24134.824	0.003813567794103787
0.6381391471286252	0.36186085264715706	2.2420275358481234e-10	24134.98	0.003120951513631964
0.6435221519032941	0.3564778480966954	-4.649058915617843e-15	24135.137000000002	0.0005828313013827352
0.6634466634539467	0.3365533362148127	3.3124178400179005e-10	24135.292999999998	0.015511371810418638
0.6693485793275542	0.33065142040235745	2.700937112853907e-10	24135.45	0.002675872565367729
0.6765677470057104	0.32343225262231046	3.719761026976798e-10	24135.607000000004	0.002782090082030282
0.6905829334401208	0.30941706623087883	3.2899298563204837e-10	24135.764	0.0007533551612076952
0.7000690376857722	0.29993096231422184	2.636779683484747e-16	24135.92	0.010664568535379247
0.7077004629717052	0.29229953653270463	4.956048904602994e-10	24136.076	0.005970686798743882
0.7147014521841089	0.28529854731482196	5.010574039010507e-10	24136.232000000004	0.004227480547257288
0.7308584897190998	0.2691415102809036	2.7755575615628914e-17	24136.389	0.0047486189653337466
0.7316251675212493	0.26837483192001876	5.587339341195374e-10	24136.545	0.006156864752102414
0.7486301076103273	0.25136989148336275	9.062957606609245e-10	24136.701	0.003720379475128303
0.7513423332171515	0.24865766598944788	7.933985968211488e-10	24136.857000000004	0.0053330044504821565
0.7647081988873832	0.2352918001074303	1.0051789955944912e-09	24137.014	0.0002748735438631227
0.7742777840492596	0.22572221506176282	8.889805142020535e-10	24137.17	0.0009229708224091183
0.7762996679534458	0.22370033125276195	7.938037449584101e-10	24137.326	4.0813656452892814e-05
0.7944297350322711	0.20557026496771874	3.3584246494910985e-15	24137.482000000004	0.01165086782021878
0.8030777561592014	0.19692224384079654	9.076073226310655e-15	24137.639	0.012337729465175645
0.8092340604633879	0.19076593953661025	-2.0261570199409107e-15	24137.795	0.00827084840670931
0.8071644737242698	0.19283552562247214	6.532680646431643e-10	24137.951	0.005257686073669402
0.8113545053959972	0.1886454934217417	1.1822556822416175e-09	24138.107000000004	0.009321889983202153
0.8249120880779723	0.17508791192201995	5.703770789011742e-15	24138.266	0.00440840519900108
0.8355267829139386	0.16447321536921838	1.7168440419323971e-09	24138.422000000002	0.011217534000338368
0.8401579005829718	0.1598420972140352	2.2029905955012197e-09	24138.577999999998	0.009383123925341305
0.8415995075515014	0.15840049090949299	1.5390030499995433e-09	24138.734	0.005675782066095421
0.8480722455274694	0.15192775280749862	1.665021495678154e-09	24138.89	0.0035575555687208382
0.8509293244589053	0.14907067405673874	1.4843541396025728e-09	24139.047000000002	0.0019347078437701812
0.8538460550465414	0.1461539432881965	1.6652641626757614e-09	24139.202999999998	0.0038944115013744133
0.862998458788769	0.1370015389668989	2.244331498424401e-09	24139.36	0.003328254631304581
0.8606268931783342	0.13937310412747705	2.694192383079219e-09	24139.516	0.009505170228878106
0.8753396963912119	0.12466030013410705	3.4746798494023068e-09	24139.672000000002	0.0066775603447669545
0.8750769441823397	0.12492305163234826	4.185306462511917e-09	24139.826	0.004690670733949704
0.8770676081282027	0.12293238976346005	2.1083342433003693e-09	24139.982000000004	0.003078127025344717
0.8823955839142678	0.1176044151016258	9.841217563089089e-10	24140.139	0.0056963636182545425
0.8855777550959669	0.11442224487311788	3.0918601012785984e-11	24140.295	0.0032514673833514336
0.8900177964083098	0.10998219895791894	4.633765426920178e-09	24140.451	0.005894055533297962
0.8903923288541012	0.10960766699877741	4.147120355457723e-09	24140.607000000004	0.0015593993373375587
0.8933439608777725	0.10665603512702446	3.995211578233793e-09	24140.766	0.0059406779565601515
0.8993872767049668	0.10061271947462673	3.820396776710311e-09	24140.922000000002	0.000572933834687399
0.9025916497703347	0.09740834839975453	1.8299165654989125e-09	24141.077999999998	0.0048667625899037606
0.9047566181354451	0.09524338029537645	1.5691687532681797e-09	24141.234	0.00361219429398625
0.9053585976359294	0.09464140236267954	1.3981732438494987e-12	24141.39	0.0009987114455752874
0.9110016014277689	0.08899839830295415	2.692751716049102e-10	24141.547000000002	0.007010689282901083
0.9130737387252059	0.08692626127058585	4.216738069828807e-12	24141.702999999998	0.006578885419581707
0.9127662481328148	0.08723375186654259	6.428746424091969e-13	24141.86	0.0063816039587702555
0.9145461225737813	0.08545387742481894	1.4053480601461388e-12	24142.016	0.0025325987990026414
0.9198418859248173	0.08015811407393685	1.254996107036277e-12	24142.172000000002	0.0001529301021208528
0.9183954019883102	0.0816045965514012	1.4602897502324907e-09	24142.327999999998	0.005103174902581189
0.9207047868037733	0.07929521312619257	7.003916890901962e-11	24142.486	0.002868084199227496
0.9259667695909706	0.07403322464039822	5.7686232179943175e-09	24142.642999999996	0.0054840728370367815
0.9257933417424314	0.07420664961946095	8.638110476910654e-09	24142.799	0.0030577365466539553
0.9271952303629083	0.07280476963246851	4.6230658190538065e-12	24142.955	0.0019458966098953596
0.9304336640258908	0.06956633497403554	1.0000599931503373e-09	24143.111	0.005546755562781023
0.9309991361161005	0.06900086388014695	3.746294940931705e-12	24143.267999999996	0.004861331750484347
0.9339322456357085	0.06606772970982223	2.4654475044849633e-08	24143.424	0.0014283054810104402
0.9356421100108435	0.06435787043548025	1.955366596417818e-08	24143.58	0.006522085515518584
0.9315992199112251	0.0684007800790644	9.716116800007057e-12	24143.736	0.0008085980496353096
0.9398558835150893	0.060144083808356535	3.26765446090338e-08	24143.892999999996	0.007121137760154529
0.9347754222348947	0.06522457775220865	1.2913531355351893e-11	24144.05	0.005220636850332461
0.943459171192629	0.05654082837676902	4.3061153254253526e-10	24144.207000000002	0.009271976069229085
0.9396115387417856	0.06038838373041058	7.752779160319356e-08	24144.362999999998	0.0029104158229028413
0.9453943505940132	0.05460562241228964	2.6993706381261973e-08	24144.52	0.0007902676545154671
0.9375591037078227	0.062440896287695294	4.471117920346046e-12	24144.676	0.00398630264966306
0.9427702427393991	0.05722975103949959	6.221094750458178e-09	24144.832000000002	0.0020112242551649207
0.9381249293844243	0.06187506364393837	6.971626900775796e-09	24144.987999999998	0.008398632827439509
0.9472473138598321	0.05275268610367663	3.6485786614193216e-11	24145.145	0.0018676363416873915
0.949523398846375	0.05047660101860203	1.350236727981624e-10	24145.3	0.00028364518457771445
0.9490166533158761	0.05098334567962047	1.0045005383041428e-09	24145.459	0.005477005747299591
0.9523704688465413	0.047629530995150465	1.5829862420879692e-10	24145.615	0.0005657126111595278
0.9497381603135584	0.05026183965667877	2.97738778076706e-11	24145.771	0.003836454934920065
0.9553740052962633	0.04462598758336821	7.120368905599861e-09	24145.928	0.0006914801472582243
0.9502146036212048	0.04978539630160246	7.71955277478753e-11	24146.084	0.005517095843937843
0.9543248627241975	0.045675135251921614	2.023883602375598e-09	24146.24	0.004721262254126237
0.9568026054831019	0.0431973942942627	2.2264222410139922e-10	24146.396	0.0007653494876434234
0.9657997918050246	0.034199992715491206	2.154794864206444e-07	24146.553	0.008999239732615844
0.9643569808957568	0.03564301903527431	6.895863047251538e-11	24146.71	0.00042457226731374423
0.9673910388665338	0.032608961052252305	8.121216199530323e-11	24146.867000000002	0.009574605099520324
0.9643799248701529	0.035620075114077596	1.577052377577104e-11	24147.022999999997	0.006301784200539822
0.9620405222321705	0.037959477397802754	3.700199313616537e-10	24147.18	0.0007338859419223763
0.966155990891677	0.03384400908640532	2.1920201764835667e-11	24147.336	0.006236291962750417
0.9626085241252322	0.03739147534298137	5.317829232520666e-10	24147.492000000002	0.0023588771680350218
0.9642059378957015	0.03579406155516654	5.491304078120152e-10	24147.647999999997	0.0022937487672129806
0.9682612528981698	0.03173874690974468	1.9208679091775593e-10	24147.805	0.0027025104535300295
0.9713448281400553	0.02865517179570093	6.423725440463102e-11	24147.963	0.008431360331111479
0.9666242263221931	0.033375773625139854	5.268399605462548e-11	24148.115	0.005862586978005103
0.9661666375559241	0.03383336193661429	5.074589914944028e-10	24148.272999999997	0.004342824944537537
0.973288460295174	0.026711512842919616	2.6861905241815087e-08	24148.43	0.000716922892347731
0.9660004430817968	0.03399955624331198	6.74880942796996e-10	24148.586	0.007916636534572394
0.9714656504287186	0.028534348853728367	7.175523647484638e-10	24148.742000000002	0.0038664515878789264
0.9715787223034015	0.028421277010453147	6.861412410463785e-10	24148.897999999997	0.001043305392020542
0.9708543797844528	0.02914557572110746	4.449441791398723e-08	24149.055	0.0009300901285421365
0.9736984387062175	0.026301090068740568	4.7122503872565336e-07	24149.21	0.002482805667257663
0.9771983031836154	0.02280162442764748	7.238874742687695e-08	24149.37	0.002875239268258102
0.9808020468788381	0.01919795031069875	2.8104688576391368e-09	24149.525	0.0032532117815657416
0.980058461207163	0.019941538781124132	1.1711256964197503e-11	24149.682	0.004248259960835365
0.9921206486067277	0.007878939326297574	4.120669884755124e-07	24149.838	0.0036329929190664413
0.9999999444902733	2.0655971433303222e-08	3.485375278666769e-08	24149.994	0.016297797378334596
0.9957084827289638	0.0042911707307306535	3.465403037306025e-07	24150.15	0.002949762230414189
0.9975382808787097	0.002461621601332162	9.751996316031963e-08	24150.307	0.0056749023143227925
0.9988196917068004	0.0011803082492446854	4.395804553691818e-11	24150.465	0.009567152018083691
0.9999999998000023	1.0002153272292702e-10	9.99941518475822e-11	24150.621	0.0155877975861858
0.9999999138458504	3.5235192125115944e-09	8.263062685476275e-08	24150.777000000002	0.0078042839133697795
0.9966351357490943	2.3504771508309208e-07	0.003364629203177427	24150.933999999997	0.0016928399968539256
0.9996432120468357	0.0003561757271338395	6.122260226004705e-07	24151.09	0.008149510301496273
0.16840288278566715	0.8315971172142871	3.141931159689193e-14	24151.246	0.004076667400915532
0.005840316130669621	0.9941596838551137	1.4212492294163326e-11	24151.404	0.006731340366675822
0.007509243447809247	0.9924907565406771	1.1511930297913864e-11	24151.56	0.002834340869330014
0.003787295155320772	0.9962127048297852	1.4899789735345337e-11	24151.717	0.0014014245848122779
0.006840410524766095	0.9931595894636909	1.1537312771814356e-11	24151.873	0.0015629382521680014
0.00410436996139153	0.9958951015451284	5.284934840726896e-07	24152.03	0.0034207166098944113
0.010405613016831506	0.9895943869732831	9.893433294827503e-12	24152.186	0.004902372153067424
0.007103301898544788	0.9928966980904035	1.1039544278723668e-11	24152.342	0.0012642711969244771
0.00879101008809325	0.991208989902464	9.447040372201343e-12	24152.5	0.005633784603119429
0.006400015183695679	0.9935999848047719	1.1534218025133214e-11	24152.656000000003	0.006294807663547404
0.00424014331381185	0.9957593057156396	5.509705520989616e-07	24152.812	7.61189866417966e-05
0.008293088413436244	0.9917069115765914	9.971246051065918e-12	24152.968999999997	0.008155763788233622
0.0036833574326288303	0.9963166425521847	1.518685177614998e-11	24153.125	0.0013748207207399845
0.004848924748720177	0.9951505672494516	5.080018414538312e-07	24153.281000000003	0.001136162515980386
0.005691443142694562	0.9943085568463981	1.0907399983217658e-11	24153.44	0.006803047696595871
0.010975784077194321	0.9890242159137058	9.096556841114989e-12	24153.596	0.006481744988488653
0.007218420496483245	0.9927815794926282	1.0875869649318304e-11	24153.752	0.006711668923664326
0.0030825379623416636	0.9969169208195479	5.412181116881687e-07	24153.908	0.000496525197752237
0.0053636645216644544	0.9946363354667838	1.1547721112670217e-11	24154.064	0.0010547489961312206
0.006007877369985507	0.9939917393016823	3.833283318405156e-07	24154.222999999998	0.002660249232175562
0.009938235706055329	0.9900617642848404	9.094225372763276e-12	24154.379	0.010196586874285233
0.00836886458364636	0.9916311354060229	1.0339798461878047e-11	24154.535	0.0001657792806009476
0.00775257745369858	0.9922474225367095	9.591286098675766e-12	24154.691000000003	0.0007551566756216607
0.006471535257055745	0.9935284647316183	1.131568450052356e-11	24154.847999999998	0.0010829859959260893
0.005799764121697798	0.9941997367725206	4.991057879211169e-07	24155.004	0.004338041544231177
0.0048544013999008186	0.9951451036531493	4.949469443599197e-07	24155.162	0.002468497800429635
0.007019599935319206	0.9929804000542007	1.0486181367674874e-11	24155.318	0.0030384637491116325
0.00866958690833666	0.9913304130816376	1.0030837271912674e-11	24155.475	0.003942248875849393
0.006763139390164098	0.993236860599082	1.075575739584167e-11	24155.63	0.004289659382815423
0.003233526147965253	0.9967658373466002	6.365054302792661e-07	24155.787	0.006044442742814162
0.0033161096734640617	0.996683382247842	5.080787040812051e-07	24155.943	0.00393451013572575
0.003960120935136147	0.9960393296726041	5.493922611427005e-07	24156.102000000003	0.004055995387117496
0.0022273155117231167	0.9977720749523157	6.09535965215291e-07	24156.256	0.00124612886238938
0.0028107087198453035	0.9971887096894857	5.815906610473487e-07	24156.412	0.003005373053662304
0.00820767461930415	0.9917923253708844	9.80074355005911e-12	24156.568	0.0031297875484375976
0.005258276475795921	0.9947413084658138	4.1505839461219995e-07	24156.725	0.001140600065457158
0.002330406092190437	0.9976691177562098	4.7615160485292574e-07	24156.88	0.005919272964417493
0.004673240882954573	0.9953262546796715	5.04437375606348e-07	24157.04	0.005159054574513593
0.00680903746064581	0.9931909625294828	9.878389772843832e-12	24157.195	0.004064640870801683
0.010101232367522436	0.9898987676239392	8.521364169844503e-12	24157.352000000003	0.006488940624956724
0.008632726057551571	0.9913672739325934	9.852021976008984e-12	24157.507999999998	0.010906900078110314
0.003290289439422855	0.9967092403024747	4.702580901905229e-07	24157.664	0.0039967736551714435
0.0037384460511190407	0.9962610275588324	5.263900575702696e-07	24157.822	0.002048892244598252
0.0044506441751172	0.9955488877798061	4.6804508391229405e-07	24157.979	0.003163124537204059
0.006131424993644025	0.9938681201494196	4.548569315226958e-07	24158.135	0.0065523953464353005
0.008435168546228607	0.9915648314440489	9.72441571711613e-12	24158.291	0.008417345286595837
0.007540372766789624	0.9924596272238405	9.380274335057948e-12	24158.447	0.006417179055861606
0.00923117475200545	0.9907688252380007	9.993825211829233e-12	24158.605	0.007267290479222876
0.006772287237176404	0.9932277127516713	1.1156506274367928e-11	24158.762000000002	0.004026634391190622
0.005861950804674769	0.9941375739347021	4.752606316688057e-07	24158.917999999998	0.0043823286619032184
0.0075979761639409565	0.9924015969520724	4.2688399157220225e-07	24159.074	0.011245101043322629
0.0037686882617139297	0.9962307917814152	5.199568726271808e-07	24159.23	0.007903969271962078
0.009084527384860236	0.9909154726056048	9.542797108075263e-12	24159.389	0.004984787912594064
0.006543784316770045	0.9934562156730598	1.0171988251705955e-11	24159.545	0.0004098949481281098
0.011714501461598569	0.9882854985317713	6.63809285317285e-12	24159.701	0.015599635576030483
0.009257217210697638	0.9907427827804552	8.856609889917877e-12	24159.857000000004	0.0032779766752116034
0.006824777436166175	0.9931747637895704	4.5877427551355154e-07	24160.014	0.0007643456448103188
0.011743967673706106	0.9882560323193804	6.911596295289257e-12	24160.172000000002	0.013587772205937612
0.009065375572698186	0.9909346244187824	8.514536298243058e-12	24160.327999999998	0.006089885911893616
0.009378615333984819	0.9906213846571125	8.90713891532613e-12	24160.484	0.004632584490260181
0.008095352246902412	0.9919042243968222	4.233562819477843e-07	24160.64	0.00768551789337199
0.00504848762380163	0.9949510181636095	4.942125923501628e-07	24160.799	0.007351493428181696
0.01123585927508589	0.9887641407173666	7.539607826956285e-12	24160.955	0.00641615242621147
0.005334952970569797	0.9946646847528469	3.622765827604457e-07	24161.111	0.0037752296304076286
0.00759357163188049	0.9924061465465484	2.81821583569819e-07	24161.267999999996	0.0008230209683167345
0.004513721068054602	0.9954858555517319	4.23380215885949e-07	24161.424	0.004779952466255771
0.007022554357999783	0.9929771058193855	3.3982260880249804e-07	24161.582000000002	0.0064618625009843925
0.01262035900169703	0.9873796409905631	7.74727504371242e-12	24161.737999999998	0.006563199511147367
0.008579629535950041	0.9914199627631713	4.0770088437225294e-07	24161.895	0.0017551156191464457
0.007111036755301157	0.992888578489505	3.84755187127217e-07	24162.05	0.006873367395816
0.009504581328162133	0.9904950484549404	3.702168897695701e-07	24162.209	0.011069265805794058
0.01019809836259854	0.9898019016301238	7.2644668058785555e-12	24162.365	0.004043913584039788
0.009894820440059016	0.9901051795517974	8.133299589374587e-12	24162.521	0.003814929498089262
0.006909328133039415	0.993090259601246	4.122657068922342e-07	24162.678	0.0029967778510389107
0.012599690368776405	0.987400309624399	6.822598042077743e-12	24162.834	0.005403670173265943
0.011430459189097842	0.98856920844794	3.323629740731304e-07	24162.992000000002	0.009729883871939075
0.0064917021073183975	0.9935080058614741	2.9203122146881366e-07	24163.147999999997	0.0032114596553532927
0.004657525559331712	0.9953420092552432	4.651854226545016e-07	24163.305	0.003926521747777867
0.011722438518495599	0.9882775614740017	7.507022781183537e-12	24163.46	0.0057293993185409875
0.007299668958473717	0.9927000629210218	2.68120506963232e-07	24163.62	0.0035185495944868236
0.007649223777498335	0.9923503610402163	4.15182286550575e-07	24163.775	0.005751318710417858
0.007415445497482952	0.9925841393103467	4.151921752099108e-07	24163.932	0.004996347994102193
0.00140372776810712	0.9985958557013649	4.1653054437540415e-07	24164.088	7.543251194904333e-05
0.008403750848937162	0.9915958347933951	4.143576715076591e-07	24164.246	0.004929986097377612
0.007216496894931694	0.9927832201161626	2.829889062944124e-07	24164.4	0.005424827640674148
0.00552270667682809	0.9944769819843481	3.1133882312517347e-07	24164.557	0.0001963934148304338
0.005084525230794402	0.9949151735249759	3.0124424078847856e-07	24164.713	0.0031625305248981187
0.00475304970743802	0.9952465785179964	3.7177456779780016e-07	24164.87	0.009507610548570385
0.005329684003466752	0.994670023737436	2.922590963266858e-07	24165.027000000002	0.006519796837725144
0.010797277079280448	0.9892024134647507	3.094559781063877e-07	24165.183999999997	0.006076371230751362
0.007816831123171566	0.9921828546477501	3.142290772167877e-07	24165.34	0.00011934024860562714
0.007401144886946917	0.9925985815122115	2.736008469506057e-07	24165.496	0.004592520548904722
0.0041524491491708015	0.9958472167000006	3.341508376109026e-07	24165.654	0.007710083954080518
0.005640273924554805	0.994359363256614	3.628188192522641e-07	24165.81	0.009149160526460852
0.0047486202535874916	0.9952511273351371	2.5241127615815984e-07	24165.967	0.003100692919558303
0.005981980363095607	0.9940176300216195	3.8961527959457953e-07	24166.123	0.009529165912340775
0.007356194506310823	0.9926434508240314	3.546696688699891e-07	24166.281000000003	0.002045818999019625
0.0065225679726537925	0.99347705924571	3.727816370591164e-07	24166.438	0.0070156201204545346
0.002995940284422819	0.9970037993795242	2.603360569897184e-07	24166.593999999997	0.0006351709315122203
0.0039111043260978955	0.9960885824591313	3.1321476771928314e-07	24166.75	0.0011611069594585496
0.00957959298969439	0.9904201919779627	2.150323428762313e-07	24166.908	0.007600746527307978
0.0026845635441140507	0.9973152454428209	1.9101307309477011e-07	24167.064	0.0010330785787138737
0.005794308567486465	0.9942055780274212	1.1340508644652747e-07	24167.22	0.0021037086946316948
0.006717333655113149	0.9932824317124356	2.3463243670196476e-07	24167.377	0.0010452484702680026
0.009617464085466468	0.9903822926741289	2.432404158092538e-07	24167.535	0.004627688403055854
0.008380303360119284	0.9916194772611222	2.1937876362732034e-07	24167.691000000003	0.0007084891632371297
0.008313180512665726	0.9916866852419657	1.3424537149975269e-07	24167.847999999998	0.009820601318139749
0.009705328175633573	0.9902945106632217	1.611611611246344e-07	24168.004	0.004178975366347149
0.0068656973794972214	0.9931339822951544	3.2032534043324734e-07	24168.162	0.0031623020136965626
0.007914168466974871	0.9920857322947979	9.923823215962635e-08	24168.318	0.009999612573345132
0.005868029839927506	0.9941317580342316	2.1212583728447143e-07	24168.475	0.004026884695147278
0.005630863773892322	0.9943688738573606	2.623687419267551e-07	24168.632999999998	0.004890191812986887
0.01101744448983437	0.9889823251737884	2.3033639443004184e-07	24168.79	0.0037938772906467547
0.008556167365674482	0.9914437482914306	8.43428927810308e-08	24168.945	0.005361499122362785
0.004725216039762979	0.992527409950376	0.002747374009857015	24169.102000000003	0.0014884526176488493
0.005061475838977749	0.9949384295347699	9.462624844802647e-08	24169.26	0.0008860223471080663
0.004752104561730454	0.9952477944751481	1.009631060561178e-07	24169.416	0.00254746483647947
0.009400345046813502	0.9905995319107191	1.2304245899930066e-07	24169.572	0.0008999640968680312
0.008033615813167135	0.9919662389346615	1.4525218454408684e-07	24169.729	0.000649411358157558
0.007466153378895921	0.9925247781230245	9.068498085795795e-06	24169.887000000002	0.00776781012719827
0.005515015110385707	0.987965978080029	0.006519006809579148	24170.042999999998	0.0007560263495341474
0.0059758946860792765	0.9940240032173846	1.0209653465709234e-07	24170.2	0.003795300007153678
0.005318241110616348	0.992566978642889	0.00211478024649539	24170.357000000004	0.0018019036365105512
0.011264182409202657	0.9887356626644583	1.5492634052038934e-07	24170.514	0.010791863493805993
0.006132797117039177	0.9892728253609875	0.004594377521969478	24170.67	0.00027111660996649936
1.0000014054670214e-10	0.9999999998000103	9.999209793498665e-11	24170.826	0.0011620713354921965
0.004828017430058208	0.9951598270855839	1.215548434381486e-05	24170.984	0.0015981326060976761
0.007921288729285927	0.9826482188792776	0.00943049239143301	24171.14	0.004453576916902875
0.01172851744213808	0.9882714346874724	4.7870395161742074e-08	24171.297000000002	0.006755352539261427
0.00510707273486483	0.9915122552689214	0.003380671996211379	24171.455	0.0005097653860401758
0.007486213498642581	0.9925090197183744	4.766782987886131e-06	24171.611	0.002986564245859817
0.010593945806773402	0.989405946516255	1.0767698668812109e-07	24171.767999999996	0.006634516020425274
0.005796849671590612	0.9851588578674743	0.009044292460944292	24171.924	0.006939333081724379
0.009142413422849193	0.9822144272908476	0.008643159286308683	24172.082000000002	0.006762017674656783
0.008604216682028522	0.9902554569616179	0.001140326356363311	24172.237999999998	0.008000318330575273
0.008707146499225849	0.9847651081958869	0.006527745304889768	24172.395	0.0027398780643534486
0.011795110305588453	0.9850879106685981	0.003116979025807848	24172.553	0.0031847437825998455
0.005548995604003831	0.9837310698234233	0.010719934572582301	24172.707000000002	0.002506286751066116
0.013762174192695851	0.9834828868085423	0.0027549389987555906	24172.862999999998	0.012718363513163414
0.006329359821806326	0.9809382879010944	0.012732352277095002	24173.02	0.01165613351246258
0.012643915874757331	0.9873560236460985	6.047914140328015e-08	24173.178	0.008738650832051853
0.01060460655466962	0.9771109254727391	0.012284467972582855	24173.334	0.0041426250893922285
0.010359625963153277	0.9872872519434072	0.002353122093437257	24173.49	0.0020395788512425515
0.008553400433777806	0.9820975906026288	0.00934900896360108	24173.647999999997	0.0066874849110905524
0.005779748772113586	0.9811228944783147	0.013097356749581929	24173.805	0.002736288491827351
0.00737800086084189	0.9779499232086688	0.014672075930476022	24173.96	0.0034623099968465617
0.004064601236796413	0.9806206781150452	0.015314720648161237	24174.117000000002	0.003014379804694111
0.002749764206854576	0.9834245047403712	0.013825731052767826	24174.275	0.0020509056216027354
0.010038140933675823	0.9725370482802959	0.017424810786035125	24174.432	0.005534499219083736
0.008909840552669114	0.9799014743980689	0.011188685049254896	24174.588	0.004099832443110841
0.007647628815045543	0.9789393470217794	0.013413024163176704	24174.746	0.0035358964480319013
0.008048654701943082	0.9792316742626564	0.012719671035397229	24174.902000000002	2.177413087266246e-05
0.006226133777415854	0.9725550958811511	0.021218770341436363	24175.058999999997	0.005562326340449502
0.007164742198903786	0.9744003622455273	0.018434895555565448	24175.217	0.006992842709149025
0.008125210069543708	0.97799657042127	0.01387821950918712	24175.373	0.0026634822487103284
0.004453075179884173	0.9668117194195963	0.028735205400507266	24175.53	0.00024254637495382141
0.010247249962761131	0.9648188480757538	0.024933901961488786	24175.688	0.0029632699018848907
0.008091535417313701	0.9705757836615108	0.021332680921164873	24175.843999999997	0.004863201674845853
0.005592162849682317	0.9659374276020943	0.028470409548218237	24176.0	0.003206777973928323
0.005963302123954278	0.9621864394509179	0.03185025842513926	24176.158	0.0012846256552494803
0.007378671462564647	0.9518617112737807	0.040759617263656	24176.314	0.006953921452302757
0.008929835530257077	0.9564684898821152	0.03460167458764016	24176.47	0.0022458315880980314
0.0041388373986820754	0.9681958233805186	0.027665339220806634	24176.627	0.001215291088826831
0.003824702475535394	0.9506107419779806	0.04556455554647798	24176.785	0.0027185441251114124
0.006418672474832102	0.9643728099474206	0.029208517577738943	24176.941000000003	7.076412989776189e-05
0.00388331343454583	0.9566727532583088	0.03944393330715486	24177.097999999998	0.0023062919897244957
0.0018477977145782368	0.9610905679477616	0.03706163433765869	24177.256	0.004258022651575611
0.001956508167203787	0.9404098086460586	0.057633683186741946	24177.412	0.002215441466897135
0.004367029567105897	0.9488187985331725	0.0468141718997266	24177.568	0.0032597536601671755
0.004244847162049287	0.9428923826230061	0.05286277021495012	24177.727000000003	0.006922822881971414
0.008711162951070725	0.9562799612602683	0.03500887578866453	24177.882999999998	0.009017262721516804
0.008500541556512017	0.9437562332846583	0.04774322515881574	24178.04	0.007504144849032931
0.0056966135721847975	0.9450961808237418	0.04920720560407921	24178.197	0.007723354010482515
0.004279654584423855	0.9386181825640803	0.05710216285150033	24178.354	0.0010077763274700664
0.010602857386892055	0.9377303827878539	0.05166675982525047	24178.51	0.010983353453583398
0.0031072736405200977	0.9516858355369426	0.04520689082253204	24178.667999999998	0.00016074463277071757
0.004813528000562476	0.9404308740159288	0.05475559798350445	24178.824	0.006047411965054123
0.007803332164594682	0.9432886067415589	0.04890806109383891	24178.98	0.00521444207362039
0.006055658432833958	0.9379045809520883	0.0560397606150799	24179.139	0.001218700079464322
0.0051583887906230304	0.9389366889170743	0.05590492229229052	24179.295	0.00283526103315833
0.010316549637044422	0.9364871526529409	0.05319629771001225	24179.452999999998	0.009913445013839835
0.006543857348540264	0.9293312333668327	0.06412490928463005	24179.61	0.002300203573721319
0.007969815253460574	0.9307022001664447	0.06132798458009711	24179.766	0.0035913972006656036
0.004550508996866683	0.9297601166267592	0.06568937437637146	24179.924	0.009759102330668956
0.006006205761936983	0.9340216966840077	0.059972097554056414	24180.08	0.00047885740404536727
0.012469119135409308	0.9238058792593833	0.06372500160521288	24180.236	0.01218474186110236
0.0022719581759324736	0.9208330890168791	0.07689495280718374	24180.395	0.0029471671826382505
0.0032312130452754346	0.910429372855007	0.0863394140997225	24180.55	0.002299092641933755
0.005850936591960671	0.9148052105440221	0.07934385286401628	24180.707000000002	0.009037720217162088
0.011062136681251042	0.9081362520065859	0.080801611312146	24180.861	0.006284132534166755
0.0066145199561308	0.9018369219323037	0.0915485581115555	24181.02	0.0038159942967932008
0.0041551753471321205	0.9159635904738013	0.07988123417906856	24181.176	0.003231967983525138
0.004105450069029382	0.907600300635633	0.0882942492953419	24181.332000000002	0.001733353414647817
0.005593193428952428	0.9039086190562304	0.09049818751481499	24181.49	0.00019963431158199888
0.0029093155915471086	0.8904209952860593	0.10666968912239677	24181.646	0.003741495162996499
0.0029737673238334305	0.9014128013934294	0.09561343128272819	24181.805	0.0015139694948361202
0.0009207830631575882	0.8918531365467578	0.10722608039008635	24181.96	0.00521873056913909
0.0024280165483412932	0.8888837186292243	0.10868826482243515	24182.117000000002	0.001202157020598578
0.004210018158373216	0.8836443160280382	0.1121456658135903	24182.275	0.0048533441455231915
7.227539610419123e-07	0.8689532109709855	0.1310460662750561	24182.432	0.004927375436644628
0.0014274691041906286	0.8685124938923942	0.13006003700340674	24182.588	0.0038243593705912667
0.0005821386558514064	0.8537839628896929	0.14563389845445954	24182.746	0.004686052082266212
0.009291428197487005	0.8658549467881024	0.12485362501440213	24182.902000000002	0.012781976625448553
0.0035591000870154633	0.8568233697278144	0.13961753018516482	24183.058999999997	0.00388512756546098
0.002762109012575289	0.8591968783844928	0.13804101260292623	24183.217	0.0029816004565381164
0.0014413131968211965	0.8496834374557757	0.14887524934740537	24183.373	0.003508163410927744
0.005540596621669296	0.8372256730635858	0.1572337303147514	24183.531000000003	0.004713379155013888
0.0025035312468766773	0.8261750714782501	0.17132139727488893	24183.688	0.00037746499282633134
1.9705391832158803e-12	0.8365485379453395	0.1634514620527	24183.843999999997	0.00828936635582514
0.0010056373369694395	0.8207560471192515	0.17823831554377773	24184.002	0.003572487726704738
0.003736981181695808	0.8090601037532242	0.1872029150650716	24184.158	0.003078318085916098
0.0071783669192479775	0.8113238647130183	0.1814977683677174	24184.314	0.008278357421387248
1.4037930327719106e-08	0.7956193055165776	0.20438068044549845	24184.472999999998	0.0028819189465641415
0.0001833991276253299	0.7906876297506179	0.20912897112176654	24184.629	0.004585462620238562
0.004720372070989026	0.7767225902894139	0.21855703763960005	24184.787	0.004335491419278195
0.003416640571369556	0.7664578994077164	0.2301254600209252	24184.943	0.007023395868524863
0.0031181592687811654	0.7537871898381834	0.2430946508930446	24185.1	6.102771712938483e-05
1.295298398918971e-06	0.752199625406362	0.24779907929522954	24185.257999999998	0.004586974722559559
0.003929527705570905	0.7347730450764239	0.2612974272180063	24185.414	0.002683722590655617
2.0077731571494645e-08	0.7185135376640813	0.28148644225818276	24185.57	0.0032871797398726595
1.6297276028698349e-12	0.6993896229204418	0.30061037707792215	24185.729	0.01108572503156905
0.004193946671873255	0.6776189211919611	0.31818713213615973	24185.885	0.007073974707499956
0.003105919620397196	0.6664809284785024	0.3304131519011053	24186.042999999998	0.005862076630373232
0.0010638567290604762	0.6485453623583298	0.3503907809126105	24186.2	0.0018229455431771578
0.0016378173235344004	0.6289731560663544	0.36938902661010886	24186.355	0.007688567543036619
3.6179602469314787e-09	0.5967029262103518	0.4032970701716895	24186.514	0.0009464755574280763
0.00014391348775452542	0.5886340264093227	0.41122206010291656	24186.67	0.003063482487711788
1.1799298517412016e-12	0.5440796013249198	0.4559203986739106	24186.827999999998	0.0025409889043774055
0.0005107852153280247	0.5239000514652525	0.47558916331942036	24186.984	6.829694185453029e-05
7.385619893440776e-13	0.5173811331686241	0.4826188668306407	24187.14	0.007103097577255684
0.0011804093653599145	0.458494451859485	0.540325138775146	24187.299	0.0025423396545742566
0.0007377958199622282	0.4338826722664458	0.5653795319135859	24187.455	0.0035646060079823133
2.5444929453374843e-10	0.4191625192678565	0.5808374804776841	24187.612999999998	0.0033306499821837304
0.0009980747389928138	0.3938453697366452	0.6051565555243701	24187.77	0.0010854150922196422
0.00016274692291983568	0.3813339330783848	0.6185033199986922	24187.926	0.0018902103344335577
3.3293940521206267e-13	0.36053618146394034	0.6394638185357334	24188.084	0.006793921128373125
5.861439805743274e-13	0.3455110212088992	0.6544889787905097	24188.24	0.003266462542493779
8.087467327777542e-13	0.3269555753175775	0.6730444246816225	24188.397999999997	0.004058071215127345
4.0665864772804206e-13	0.320775933000959	0.6792240669986362	24188.555	0.007302129269709862
4.821490429129938e-13	0.2995492340412348	0.7004507659582835	24188.71	6.769447145890946e-05
5.785294118765272e-13	0.29365273534527	0.7063472646541419	24188.87	0.004475291654813454
9.697312469084812e-09	0.29647281268241554	0.7035271776202741	24189.022999999997	0.0004583003772986403
0.0017405836653723306	0.28635393089576977	0.7119054854388508	24189.18	0.004336190126397807
0.0013938699514893954	0.282732484942797	0.7158736451057223	24189.338	0.004550348377550859
9.494393118925082e-13	0.2738995529815509	0.7261004470174989	24189.494	0.0021698789595092707
2.3703684485284343e-08	0.27522442618694337	0.7247755501093658	24189.652000000002	0.008038406369407218
0.0006304055251481534	0.25772301112514906	0.7416465833496858	24189.808999999997	0.000630169733102619
1.550977837003545e-08	0.2637745801927245	0.7362254042975065	24189.965	0.004342873844697714
8.372430353176252e-13	0.2521257740577923	0.7478742259413719	24190.123	0.006993518820352015
2.2931113030123795e-08	0.25530021176064555	0.7446997653082286	24190.28	0.0038838577832755565
1.365313678086677e-12	0.23892343378681175	0.7610765662118216	24190.438	0.001301158004937247
6.880195198288863e-13	0.22923915369623465	0.7707608463030686	24190.593999999997	0.0024260386858877565
0.0007917691058829624	0.23182171981251304	0.7673865110816012	24190.75	0.00044257656834867257
7.426329516613261e-13	0.22646755643356065	0.7735324435656878	24190.908	0.0033798240084622886
6.69493106786323e-13	0.20013197922614662	0.799868020773181	24191.064	0.003824914593418206
1.245935212640381e-12	0.2202731883387471	0.77972681166	24191.222999999998	0.0016202325381590612
6.995083789117229e-09	0.20119211631483502	0.7988078766900771	24191.379	0.009948670836458614
1.2395310472479437e-12	0.1953579782418654	0.8046420217568963	24191.537	0.002234378338263452
5.768931339578121e-13	0.19339522366749845	0.8066047763319172	24191.693	0.004658565658388827
1.219289574947574e-08	0.19645935424044142	0.8035406335666633	24191.85	0.009214869633959179
1.9946302415741607e-08	0.19526379487641457	0.8047361851772763	24192.007999999998	0.0022990099910874173
1.3136796338242274e-12	0.17729907136753553	0.8227009286311504	24192.164	0.003951355443614344
5.471565041326176e-13	0.1867103186688786	0.8132896813305757	24192.322	0.0017562058344463402
1.13779558691407e-12	0.17387172988758776	0.826128270111282	24192.479	0.0014145290706302418
0.00014957508359049031	0.16819624675052153	0.8316541781659083	24192.637000000002	0.0025071005246950443
2.4567062793801053e-12	0.16711530020417728	0.8328846997933598	24192.792999999998	0.0058062051120212795
1.5896372759782729e-12	0.16389193077757241	0.8361080692208522	24192.95	0.0014652166119312495
7.366047875823067e-13	0.16682483774862628	0.8331751622506317	24193.107000000004	0.002713006296843382
2.6540800807106635e-12	0.1601055293597575	0.8398944706375812	24193.264	0.007379945743241313
9.41966556838869e-13	0.15856913002854822	0.8414308699705143	24193.422000000002	0.001565857081346934
1.2556995374057855e-12	0.15298272012468891	0.8470172798740431	24193.577999999998	0.0035885105732099153
1.0827892402143213e-12	0.14704044884874562	0.8529595511501838	24193.736	0.00047064375036772447
1.9373205296935314e-12	0.144564454509226	0.8554355454888327	24193.892999999996	0.005356857446679707
1.744381548929308e-12	0.13894257005990013	0.8610574299383554	24194.049	0.0012232530555885465
1.6249740268647894e-12	0.14052400987137112	0.8594759901269845	24194.207000000002	0.006671553547848826
1.8067921291053946e-12	0.1335039224566184	0.8664960775415682	24194.362999999998	0.006525100802170128
1.5181264269997774e-08	0.12972520918884445	0.8702747756298886	24194.521	0.0036219005824209374
1.228819129783787e-12	0.13192599502538965	0.868074004973373	24194.678	0.005393334519434446
6.486378274772608e-13	0.1260190243820645	0.8739809756172823	24194.836	0.0054144443113780605
1.0934738357837315e-12	0.12169394874125658	0.8783060512576325	24194.992000000002	0.004234125296307312
2.7759335628763093e-12	0.10348592735015145	0.8965140726470665	24195.15	0.00908018756715308
8.679936110145281e-13	0.10278809357009122	0.8972119064290299	24195.307	0.0006393591257641302
1.4785273699802204e-12	0.12396833664648346	0.8760316633520301	24195.463	0.004995700142178399
1.05596607846703e-12	0.11221331601123474	0.8877866839877158	24195.621	0.002096172054944899
9.47805636059007e-13	0.11751040578321832	0.8824895942158335	24195.777000000002	0.001913669003577676
1.1601839280950266e-12	0.1138399534226437	0.8861600465761998	24195.936	0.009889229628300484
2.0715577690733067e-12	0.11217899103954605	0.8878210089583753	24196.092	0.003532268023354496
2.1427164006646016e-08	0.10381916980208905	0.8961808087707479	24196.25	0.0011376248480516175
1.013931993920636e-12	0.09628703354273362	0.9037129664562575	24196.406000000003	0.004828417201418461
2.3923705898265535e-12	0.09304589555376244	0.9069541044438512	24196.564	0.002524504162699757
2.0153791653772235e-08	0.08883087059074284	0.9111691092554595	24196.72	0.007101564900067876
1.6855050341546551e-12	0.08521176431318091	0.914788235685137	24196.879	0.007508108446541908
1.8436747516691054e-08	0.0829447615260007	0.9170552200372478	24197.035	0.007862005790756597
1.1673452176251542e-08	0.08200858046704922	0.9179914078594992	24197.191000000003	0.0005636661649243612
1.0154889082403251e-12	0.081293455977321	0.9187065440216587	24197.347999999998	0.003589824555911186
2.4789220155752023e-12	0.07821123395102117	0.9217887660465028	24197.504	0.002980624232675819
2.9347882631036715e-12	0.08536750295474022	0.914632497042321	24197.662	0.0057044662187254345
9.799053929393509e-13	0.0722876855357386	0.9277123144632792	24197.818	0.003774470129875419
3.715712199731103e-12	0.0648511587295027	0.9351488412667724	24197.977000000003	0.006254143464356125
3.7469857945560126e-12	0.05650395492125905	0.9434960450749951	24198.132999999998	0.004797956939730046
1.9078631903479693e-12	0.060988959435851184	0.9390110405622369	24198.291	0.0019054149638432318
5.028372979023338e-08	0.06646973334140918	0.9335302163748719	24198.447	0.008147459390514087
1.962169142444292e-12	0.0623428798211587	0.9376571201768824	24198.604	0.004088814150295395
2.0224976207683376e-12	0.053754020511739484	0.9462459794862434	24198.762000000002	0.0014147212393250785
1.0954887171010785e-12	0.0549023940603692	0.9450976059385394	24198.917999999998	0.0017703748057590087
1.5050950936956742e-12	0.05453458505257805	0.9454654149459272	24199.076	0.0021984093523169474
2.0925977964325604e-12	0.057733531821303904	0.9422664681765899	24199.232000000004	0.0030444163316141934
1.87917216509792e-12	0.04362642223369263	0.9563735777644263	24199.39	0.008769120833194638
3.4702219863305683e-08	0.05236185882819755	0.9476381064695785	24199.547000000002	0.0063625394123952616
0.0003961398229981243	0.05667512370733527	0.9429287364696676	24199.705	0.00746066680114505
1.3412222721331801e-12	0.04590789731546217	0.9540921026831798	24199.861	0.0010525069843418484
5.051453993900473e-08	0.042928360464904336	0.9570715890205592	24200.02	0.002117731675108598
4.967214372979256e-08	0.05204651133369037	0.9479534389941496	24200.176	0.00470400245058739
4.853021580344258e-08	0.04913350820203165	0.9508664432677558	24200.334	0.00570198556805756
1.5714781906317477e-12	0.04653494384228232	0.953465056156158	24200.49	0.003028367510320383
5.415251741122673e-08	0.05126204203855263	0.9487379038089281	24200.647999999997	0.007140148614485939
4.7068789037815056e-08	0.04274070592420512	0.9572592470069998	24200.805	0.000734306503953057
3.6923485280566937e-08	0.03913814691960461	0.960861816156904	24200.963	0.0044974855526642476
2.0922825104408016e-12	0.041850047353222605	0.9581499526446982	24201.12	0.003488760744488801
6.124760535981127e-08	0.03777140848641303	0.9622285302659723	24201.277000000002	0.007858670483245548
6.018139114523716e-08	0.04561966721340817	0.9543802726052047	24201.433999999997	0.005895241216856971
1.2992614796536461e-12	0.04818222361286981	0.9518177763858399	24201.592	0.008835951559543948
6.529597843451737e-08	0.03274198434458429	0.9672579503594352	24201.748	0.001415909799682582
1.6799586895210883e-12	0.04230129086041971	0.9576987091379014	24201.906000000003	0.0031852997249518147
6.182831357613369e-08	0.04083712068481468	0.9591628174868728	24202.062	0.0022381120549162556
4.399738316902824e-08	0.03496050040106659	0.9650394556015577	24202.22	0.005474650451434398
2.7800733568526803e-08	0.030932078955107856	0.9690678932441614	24202.377	0.005894897903558328
4.586400487258807e-08	0.032104809667967374	0.9678951444680265	24202.535	0.0004725126607601507
0.0009813319036937585	0.035254177612615054	0.9637644904836873	24202.691000000003	0.009823484720017444
6.005797290780171e-08	0.039131438180901826	0.9608685017611258	24202.85	0.00514550096772017
