# Plot Data for 350 Air 5wt% Pd_Al2O3_PdK_mu_timeseries_nAverage300.dat
#---------------------------------
#  X1          data__mag_    X2         model__mag_  
 0.000000000  0.073492166  0.000000000  0.039896726
 0.030679616  0.072920704  0.030679616  0.039804114
 0.061359232  0.071027006  0.061359232  0.039751864
 0.092038847  0.067439550  0.092038847  0.040319902
 0.122718463  0.062094757  0.122718463  0.042140105
 0.153398079  0.056171461  0.153398079  0.045488234
 0.184077695  0.053526400  0.184077695  0.050080154
 0.214757310  0.060384736  0.214757310  0.055233742
 0.245436926  0.079554169  0.245436926  0.060187160
 0.276116542  0.108408476  0.276116542  0.064352852
 0.306796158  0.143343399  0.306796158  0.067477855
 0.337475773  0.181393821  0.337475773  0.069748343
 0.368155389  0.219971912  0.368155389  0.071835150
 0.398835005  0.256635943  0.398835005  0.074805492
 0.429514621  0.289051863  0.429514621  0.079800462
 0.460194236  0.315051919  0.460194236  0.087535945
 0.490873852  0.332730993  0.490873852  0.097956939
 0.521553468  0.340551236  0.521553468  0.110305432
 0.552233084  0.337439544  0.552233084  0.123458236
 0.582912699  0.322869838  0.582912699  0.136260581
 0.613592315  0.296928821  0.613592315  0.147756661
 0.644271931  0.260375594  0.644271931  0.157345635
 0.674951547  0.214739013  0.674951547  0.164900136
 0.705631162  0.162629765  0.705631162  0.170851472
 0.736310778  0.109158633  0.736310778  0.176206720
 0.766990394  0.069691499  0.766990394  0.182426885
 0.797670010  0.080040904  0.797670010  0.191097523
 0.828349625  0.127514921  0.828349625  0.203429187
 0.859029241  0.180845618  0.859029241  0.219808963
 0.889708857  0.230043319  0.889708857  0.239668560
 0.920388473  0.271098476  0.920388473  0.261715293
 0.951068088  0.301806733  0.951068088  0.284342352
 0.981747704  0.321097621  0.981747704  0.306030908
 1.012427320  0.329044072  1.012427320  0.325676311
 1.043106936  0.327108789  1.043106936  0.342846519
 1.073786552  0.318557773  1.073786552  0.357982511
 1.104466167  0.308930702  1.104466167  0.372509089
 1.135145783  0.306021996  1.135145783  0.388767186
 1.165825399  0.318136610  1.165825399  0.409648962
 1.196505015  0.350331841  1.196505015  0.437900200
 1.227184630  0.401929199  1.227184630  0.475288150
 1.257864246  0.468049260  1.257864246  0.522027141
 1.288543862  0.542590583  1.288543862  0.576725224
 1.319223478  0.619884418  1.319223478  0.636757486
 1.349903093  0.695109866  1.349903093  0.698779235
 1.380582709  0.764265106  1.380582709  0.759172589
 1.411262325  0.824078044  1.411262325  0.814370741
 1.441941941  0.871948682  1.441941941  0.861083282
 1.472621556  0.905923163  1.472621556  0.896457738
 1.503301172  0.924683436  1.503301172  0.918200076
 1.533980788  0.927539018  1.533980788  0.924664062
 1.564660404  0.914412229  1.564660404  0.914911828
 1.595340019  0.885812061  1.595340019  0.888744982
 1.626019635  0.842794530  1.626019635  0.846705314
 1.656699251  0.786909167  1.656699251  0.790045359
 1.687378867  0.720132795  1.687378867  0.720671232
 1.718058482  0.644793026  1.718058482  0.641063141
 1.748738098  0.563485584  1.748738098  0.554183669
 1.779417714  0.478992180  1.779417714  0.463392903
 1.810097330  0.394211238  1.810097330  0.372410686
 1.840776945  0.312127551  1.840776945  0.285424830
 1.871456561  0.235885331  1.871456561  0.207613118
 1.902136177  0.169140492  1.902136177  0.146685004
 1.932815793  0.117105799  1.932815793  0.114473424
 1.963495408  0.087842155  1.963495408  0.116158202
 1.994175024  0.085345996  1.994175024  0.135313873
 2.024854640  0.097303256  2.024854640  0.154427795
 2.055534256  0.109750518  2.055534256  0.165895913
 2.086213872  0.117016143  2.086213872  0.167523913
 2.116893487  0.118260673  2.116893487  0.159577274
 2.147573103  0.115060732  2.147573103  0.143819616
 2.178252719  0.110644485  2.178252719  0.123425471
 2.208932335  0.109283272  2.208932335  0.103513287
 2.239611950  0.114655084  2.239611950  0.091687422
 2.270291566  0.127603819  2.270291566  0.094770939
 2.300971182  0.145910680  2.300971182  0.111312268
 2.331650798  0.166160811  2.331650798  0.133858821
 2.362330413  0.185213698  2.362330413  0.156154286
 2.393010029  0.200639144  2.393010029  0.174443153
 2.423689645  0.210720690  2.423689645  0.186630175
 2.454369261  0.214394763  2.454369261  0.191717216
 2.485048876  0.211217848  2.485048876  0.189577355
 2.515728492  0.201375514  2.515728492  0.180911260
 2.546408108  0.185750355  2.546408108  0.167335524
 2.577087724  0.166098286  2.577087724  0.151612593
 2.607767339  0.145419901  2.607767339  0.137937262
 2.638446955  0.128494762  2.638446955  0.131627202
 2.669126571  0.121611993  2.669126571  0.136871710
 2.699806187  0.129192742  2.699806187  0.153643708
 2.730485802  0.149712792  2.730485802  0.178197236
 2.761165418  0.177832363  2.761165418  0.206128703
 2.791845034  0.208593826  2.791845034  0.233979499
 2.822524650  0.238566423  2.822524650  0.259345774
 2.853204265  0.265498870  2.853204265  0.280631004
 2.883883881  0.287920410  2.883883881  0.296841503
 2.914563497  0.304909410  2.914563497  0.307456165
 2.945243113  0.315968076  2.945243113  0.312339269
 2.975922728  0.320946236  2.975922728  0.311672356
 3.006602344  0.319984619  3.006602344  0.305892821
 3.037281960  0.313464397  3.037281960  0.295634207
 3.067961576  0.301957884  3.067961576  0.281667104
 3.098641192  0.286179208  3.098641192  0.264841501
 3.129320807  0.266935602  3.129320807  0.246032346
 3.160000423  0.245080772  3.160000423  0.226090305
 3.190680039  0.221472081  3.190680039  0.205799615
 3.221359655  0.196933151  3.221359655  0.185844628
 3.252039270  0.172223322  3.252039270  0.166786196
 3.282718886  0.148015068  3.282718886  0.149048506
 3.313398502  0.124880262  3.313398502  0.132916351
 3.344078118  0.103286204  3.344078118  0.118542020
 3.374757733  0.083602882  3.374757733  0.105960097
 3.405437349  0.066124628  3.405437349  0.095107581
 3.436116965  0.051113039  3.436116965  0.085846269
 3.466796581  0.038872019  3.466796581  0.077984659
 3.497476196  0.029846482  3.497476196  0.071297807
 3.528155812  0.024584777  3.528155812  0.065545111
 3.558835428  0.023156648  3.558835428  0.060486948
 3.589515044  0.024507226  3.589515044  0.055900851
 3.620194659  0.027156299  3.620194659  0.051596920
 3.650874275  0.030117035  3.650874275  0.047431156
 3.681553891  0.032933081  3.681553891  0.043315240
 3.712233507  0.035438244  3.712233507  0.039221733
 3.742913122  0.037596514  3.742913122  0.035184355
 3.773592738  0.039425162  3.773592738  0.031293169
 3.804272354  0.040960687  3.804272354  0.027683571
 3.834951970  0.042244485  3.834951970  0.024515643
 3.865631585  0.043317310  3.865631585  0.021938088
 3.896311201  0.044217189  3.896311201  0.020035261
 3.926990817  0.044978116  3.926990817  0.018775573
 3.957670433  0.045628207  3.957670433  0.018001074
 3.988350049  0.046186947  3.988350049  0.017477982
 4.019029664  0.046661844  4.019029664  0.016974029
 4.049709280  0.047045289  4.049709280  0.016314491
 4.080388896  0.047312590  4.080388896  0.015402955
 4.111068512  0.047422023  4.111068512  0.014219555
 4.141748127  0.047317289  4.141748127  0.012811396
 4.172427743  0.046932245  4.172427743  0.011283217
 4.203107359  0.046197322  4.203107359  0.009790161
 4.233786975  0.045046813  4.233786975  0.008525970
 4.264466590  0.043426250  4.264466590  0.007683135
 4.295146206  0.041299264  4.295146206  0.007360108
 4.325825822  0.038653671  4.325825822  0.007475704
 4.356505438  0.035506932  4.356505438  0.007814046
 4.387185053  0.031911794  4.387185053  0.008151943
 4.417864669  0.027964137  4.417864669  0.008331315
 4.448544285  0.023817661  4.448544285  0.008265859
 4.479223901  0.019715668  4.479223901  0.007926354
 4.509903516  0.016057584  4.509903516  0.007326177
 4.540583132  0.013488203  4.540583132  0.006510981
 4.571262748  0.012765722  4.571262748  0.005552481
 4.601942364  0.014052834  4.601942364  0.004546982
 4.632621979  0.016645094  4.632621979  0.003620435
 4.663301595  0.019734070  4.663301595  0.002934049
 4.693981211  0.022806152  4.693981211  0.002638463
 4.724660827  0.025578478  4.724660827  0.002722526
 4.755340442  0.027900264  4.755340442  0.002988206
 4.786020058  0.029701326  4.786020058  0.003238527
 4.816699674  0.030968744  4.816699674  0.003362475
 4.847379290  0.031735690  4.847379290  0.003314592
 4.878058905  0.032074759  4.878058905  0.003089085
 4.908738521  0.032091994  4.908738521  0.002705640
 4.939418137  0.031919122  4.939418137  0.002202786
 4.970097753  0.031701925  4.970097753  0.001638116
 5.000777369  0.031583373  5.000777369  0.001106890
 5.031456984  0.031682318  5.031456984  8.140195e-4
 5.062136600  0.032072192  5.062136600  9.667189e-4
 5.092816216  0.032767025  5.092816216  0.001334435
 5.123495832  0.033720612  5.123495832  0.001683640
 5.154175447  0.034838605  5.154175447  0.001931854
 5.184855063  0.035997533  5.184855063  0.002050545
 5.215534679  0.037063658  5.215534679  0.002033970
 5.246214295  0.037907563  5.246214295  0.001890806
 5.276893910  0.038413767  5.276893910  0.001640914
 5.307573526  0.038486476  5.307573526  0.001314038
 5.338253142  0.038052944  5.338253142  9.520707e-4
 5.368932758  0.037065478  5.368932758  6.262849e-4
 5.399612373  0.035502714  5.399612373  4.918945e-4
 5.430291989  0.033370382  5.430291989  6.397044e-4
 5.460971605  0.030701685  5.460971605  8.775508e-4
 5.491651221  0.027557393  5.491651221  0.001080508
 5.522330836  0.024026100  5.522330836  0.001207794
 5.553010452  0.020225929  5.553010452  0.001246189
 5.583690068  0.016311348  5.583690068  0.001195431
 5.614369684  0.012496121  5.614369684  0.001063924
 5.645049299  0.009125340  5.645049299  8.665544e-4
 5.675728915  0.006848613  5.675728915  6.231390e-4
 5.706408531  0.006513023  5.706408531  3.585202e-4
 5.737088147  0.007872219  5.737088147  1.283402e-4
 5.767767762  0.009789562  5.767767762  2.231065e-4
 5.798447378  0.011574498  5.798447378  4.311256e-4
 5.829126994  0.012943300  5.829126994  5.995996e-4
 5.859806610  0.013787213  5.859806610  7.104329e-4
 5.890486225  0.014083885  5.890486225  7.575742e-4
 5.921165841  0.013868075  5.921165841  7.412608e-4
 5.951845457  0.013221825  5.951845457  6.669150e-4
 5.982525073  0.012272019  5.982525073  5.443126e-4
 6.013204689  0.011190714  6.013204689  3.868024e-4
 6.043884304  0.010190999  6.043884304  2.118342e-4
 6.074563920  0.009499331  6.074563920  7.258853e-5
 6.105243536  0.009280235  6.105243536  1.796257e-4
 6.135923152  0.009543310  6.135923152  3.282201e-4
 6.166602767  0.010136090  6.166602767  4.490630e-4
 6.197282383  0.010838600  6.197282383  5.315536e-4
 6.227961999  0.011452847  6.227961999  5.718777e-4
 6.258641615  0.011835730  6.258641615  5.710779e-4
 6.289321230  0.011898536  6.289321230  5.352639e-4
 6.320000846  0.011597929  6.320000846  4.767526e-4
 6.350680462  0.010927361  6.350680462  4.165848e-4
 6.381360078  0.009910436  6.381360078  3.857206e-4
 6.412039693  0.008596343  6.412039693  4.107296e-4
 6.442719309  0.007058535  6.442719309  4.874213e-4
 6.473398925  0.005402290  6.473398925  5.899254e-4
 6.504078541  0.003804849  6.504078541  6.953708e-4
 6.534758156  0.002674787  6.534758156  7.894120e-4
 6.565437772  0.002738344  6.565437772  8.639424e-4
 6.596117388  0.003832109  6.596117388  9.151607e-4
 6.626797004  0.005198085  6.626797004  9.425862e-4
 6.657476619  0.006502204  6.657476619  9.485765e-4
 6.688156235  0.007620956  6.688156235  9.380716e-4
 6.718835851  0.008498685  6.718835851  9.183680e-4
 6.749515467  0.009109801  6.749515467  8.986320e-4
 6.780195082  0.009447062  6.780195082  8.886978e-4
 6.810874698  0.009516569  6.810874698  8.968288e-4
 6.841554314  0.009334754  6.841554314  9.270126e-4
 6.872233930  0.008926049  6.872233930  9.774492e-4
 6.902913545  0.008320870  6.902913545  0.001041381
 6.933593161  0.007553806  6.933593161  0.001109477
 6.964272777  0.006662008  6.964272777  0.001172186
 6.994952393  0.005683764  6.994952393  0.001221327
 7.025632009  0.004657264  7.025632009  0.001251031
 7.056311624  0.003619540  7.056311624  0.001258360
 7.086991240  0.002605574  7.086991240  0.001243784
 7.117670856  0.001647649  7.117670856  0.001211547
 7.148350472  7.757115e-4  7.148350472  0.001169755
 7.179030087  9.686304e-5  7.179030087  0.001129767
 7.209709703  6.452359e-4  7.209709703  0.001104184
 7.240389319  0.001141519  7.240389319  0.001103082
 7.271068935  0.001491456  7.271068935  0.001129777
 7.301748550  0.001692313  7.301748550  0.001179112
 7.332428166  0.001750483  7.332428166  0.001239733
 7.363107782  0.001682741  7.363107782  0.001298304
 7.393787398  0.001521750  7.393787398  0.001343006
 7.424467013  0.001329634  7.424467013  0.001365486
 7.455146629  0.001219329  7.455146629  0.001361713
 7.485826245  0.001326070  7.485826245  0.001332263
 7.516505861  0.001673999  7.516505861  0.001282304
 7.547185476  0.002174631  7.547185476  0.001221211
 7.577865092  0.002742087  7.577865092  0.001161461
 7.608544708  0.003320023  7.608544708  0.001116191
 7.639224324  0.003870613  7.639224324  0.001095209
 7.669903939  0.004366876  7.669903939  0.001100910
 7.700583555  0.004789623  7.700583555  0.001127099
 7.731263171  0.005126423  7.731263171  0.001161873
 7.761942787  0.005371276  7.761942787  0.001192191
 7.792622402  0.005524434  7.792622402  0.001207357
 7.823302018  0.005592130  7.823302018  0.001200699
 7.853981634  0.005586108  7.853981634  0.001170069
 7.884661250  0.005522902  7.884661250  0.001117765
 7.915340865  0.005422864  7.915340865  0.001050180
 7.946020481  0.005308923  7.946020481  9.771465e-4
 7.976700097  0.005205103  7.976700097  9.105879e-4
 8.007379713  0.005134851  8.007379713  8.618931e-4
 8.038059329  0.005119280  8.038059329  8.379951e-4
 8.068738944  0.005175563  8.068738944  8.381349e-4
 8.099418560  0.005315724  8.099418560  8.542650e-4
 8.130098176  0.005546017  8.130098176  8.749968e-4
 8.160777792  0.005866859  8.160777792  8.898400e-4
 8.191457407  0.006273096  8.191457407  8.915747e-4
 8.222137023  0.006754409  8.222137023  8.769294e-4
 8.252816639  0.007295791  8.252816639  8.464135e-4
 8.283496255  0.007878168  8.283496255  8.038248e-4
 8.314175870  0.008479255  8.314175870  7.555531e-4
 8.344855486  0.009074672  8.344855486  7.095287e-4
 8.375535102  0.009639276  8.375535102  6.735355e-4
 8.406214718  0.010148618  8.406214718  6.528877e-4
 8.436894333  0.010580416  8.436894333  6.484055e-4
 8.467573949  0.010915912  8.467573949  6.562321e-4
 8.498253565  0.011141041  8.498253565  6.697929e-4
 8.528933181  0.011247314  8.528933181  6.823762e-4
 8.559612796  0.011232359  8.559612796  6.888648e-4
 8.590292412  0.011100080  8.590292412  6.863685e-4
 8.620972028  0.010860427  8.620972028  6.741658e-4
 8.651651644  0.010528759  8.651651644  6.533369e-4
 8.682331259  0.010124819  8.682331259  6.262799e-4
 8.713010875  0.009671336  8.713010875  5.961790e-4
 8.743690491  0.009192294  8.743690491  5.664381e-4
 8.774370107  0.008710912  8.774370107  5.400998e-4
 8.805049722  0.008247491  8.805049722  5.193139e-4
 8.835729338  0.007817349  8.835729338  5.049858e-4
 8.866408954  0.007429224  8.866408954  4.967375e-4
 8.897088570  0.007084550  8.897088570  4.931963e-4
 8.927768185  0.006777887  8.927768185  4.924583e-4
 8.958447801  0.006498454  8.958447801  4.925224e-4
 8.989127417  0.006232368  8.989127417  4.915747e-4
 9.019807033  0.005965003  9.019807033  4.881298e-4
 9.050486649  0.005682995  9.050486649  4.810932e-4
 9.081166264  0.005375649  9.081166264  4.698100e-4
 9.111845880  0.005035794  9.111845880  4.541290e-4
 9.142525496  0.004660251  9.142525496  4.344838e-4
 9.173205112  0.004250138  9.173205112  4.119666e-4
 9.203884727  0.003811257  9.203884727  3.883488e-4
 9.234564343  0.003354809  9.234564343  3.659770e-4
 9.265243959  0.002898817  9.265243959  3.474417e-4
 9.295923575  0.002470688  9.295923575  3.349510e-4
 9.326603190  0.002110583  9.326603190  3.295422e-4
 9.357282806  0.001870760  9.357282806  3.305554e-4
 9.387962422  0.001796877  9.387962422  3.357807e-4
 9.418642038  0.001890977  9.418642038  3.421930e-4
 9.449321653  0.002104932  9.449321653  3.467872e-4
 9.480001269  0.002378336  9.480001269  3.471559e-4
 9.510680885  0.002666365  9.510680885  3.417696e-4
 9.541360501  0.002942755  9.541360501  3.300733e-4
 9.572040116  0.003194697  9.572040116  3.125056e-4
 9.602719732  0.003418063  9.602719732  2.905041e-4
 9.633399348  0.003613920  9.633399348  2.665144e-4
 9.664078964  0.003785856  9.664078964  2.439328e-4
 9.694758579  0.003937801  9.694758579  2.267437e-4
 9.725438195  0.004072419  9.725438195  2.184504e-4
 9.756117811  0.004190247  9.756117811  2.203945e-4
 9.786797427  0.004289717  9.786797427  2.308353e-4
 9.817477042  0.004368029  9.817477042  2.459134e-4
 9.848156658  0.004422627  9.848156658  2.614135e-4
 9.878836274  0.004452916  9.878836274  2.738718e-4
 9.909515890  0.004461838  9.909515890  2.809110e-4
 9.940195505  0.004456919  9.940195505  2.812462e-4
 9.970875121  0.004450396  9.970875121  2.746439e-4
