# Plot Data for Final H2 5wt% Pd_Al2O3_PdK_mu_timeseries_nAverage300.dat
#---------------------------------
#  X1          data__mag_    X2         model__mag_  
 0.000000000  0.005510031  0.000000000  0.026702197
 0.030679616  0.025761017  0.030679616  0.026561500
 0.061359232  0.048966239  0.061359232  0.026101840
 0.092038847  0.069104352  0.092038847  0.025231272
 0.122718463  0.084616075  0.122718463  0.023859955
 0.153398079  0.094304129  0.153398079  0.021982727
 0.184077695  0.097303342  0.184077695  0.019788831
 0.214757310  0.093120341  0.214757310  0.017804807
 0.245436926  0.081677198  0.245436926  0.016967382
 0.276116542  0.063383904  0.276116542  0.018195294
 0.306796158  0.039482452  0.306796158  0.021505274
 0.337475773  0.016824180  0.337475773  0.026050501
 0.368155389  0.033383391  0.368155389  0.030853643
 0.398835005  0.068609760  0.398835005  0.035106689
 0.429514621  0.106200987  0.429514621  0.038170910
 0.460194236  0.143240313  0.460194236  0.039554514
 0.490873852  0.177749008  0.490873852  0.038920683
 0.521553468  0.208015837  0.521553468  0.036123236
 0.552233084  0.232577299  0.552233084  0.031282676
 0.582912699  0.250268967  0.582912699  0.024985834
 0.613592315  0.260279139  0.613592315  0.018947562
 0.644271931  0.262188401  0.644271931  0.017354188
 0.674951547  0.255988925  0.674951547  0.023174346
 0.705631162  0.242080898  0.705631162  0.033012090
 0.736310778  0.221245684  0.736310778  0.043592730
 0.766990394  0.194597214  0.766990394  0.053179803
 0.797670010  0.163515120  0.797670010  0.060625240
 0.828349625  0.129565990  0.828349625  0.065061664
 0.859029241  0.094426020  0.859029241  0.065861665
 0.889708857  0.059851947  0.889708857  0.062678013
 0.920388473  0.028083618  0.920388473  0.055533136
 0.951068088  0.012403183  0.951068088  0.045027295
 0.981747704  0.032277524  0.981747704  0.033056264
 1.012427320  0.052156866  1.012427320  0.025510336
 1.043106936  0.067146013  1.043106936  0.031830883
 1.073786552  0.076727192  1.073786552  0.048306729
 1.104466167  0.080953187  1.104466167  0.067340381
 1.135145783  0.080158147  1.135145783  0.085368832
 1.165825399  0.074861058  1.165825399  0.100288592
 1.196505015  0.065733006  1.196505015  0.110526602
 1.227184630  0.053703175  1.227184630  0.114900170
 1.257864246  0.040550839  1.257864246  0.112679636
 1.288543862  0.031223076  1.288543862  0.103754243
 1.319223478  0.035471673  1.319223478  0.088993404
 1.349903093  0.053517641  1.349903093  0.071257029
 1.380582709  0.078115717  1.380582709  0.058263082
 1.411262325  0.105568902  1.411262325  0.063311968
 1.441941941  0.133916428  1.441941941  0.087941759
 1.472621556  0.161532715  1.472621556  0.121600679
 1.503301172  0.186793655  1.503301172  0.156893378
 1.533980788  0.208070308  1.533980788  0.189480488
 1.564660404  0.223852689  1.564660404  0.216268317
 1.595340019  0.232958685  1.595340019  0.234908912
 1.626019635  0.234834076  1.626019635  0.243819308
 1.656699251  0.229986871  1.656699251  0.242430652
 1.687378867  0.220626592  1.687378867  0.231661434
 1.718058482  0.211475529  1.718058482  0.214763168
 1.748738098  0.210042608  1.748738098  0.198641158
 1.779417714  0.224347463  1.779417714  0.194428469
 1.810097330  0.257897514  1.810097330  0.212812244
 1.840776945  0.307689738  1.840776945  0.255117669
 1.871456561  0.367359160  1.871456561  0.313780574
 1.902136177  0.430236110  1.902136177  0.379611088
 1.932815793  0.490320363  1.932815793  0.444895738
 1.963495408  0.542367529  1.963495408  0.503418817
 1.994175024  0.581893718  1.994175024  0.550127732
 2.024854640  0.605286135  2.024854640  0.581048149
 2.055534256  0.610031020  2.055534256  0.593422130
 2.086213872  0.595075038  2.086213872  0.586027495
 2.116893487  0.561409501  2.116893487  0.559730228
 2.147573103  0.513114563  2.147573103  0.518462618
 2.178252719  0.459305266  2.178252719  0.470968366
 2.208932335  0.417010146  2.208932335  0.433205583
 2.239611950  0.410795881  2.239611950  0.427814931
 2.270291566  0.458784847  2.270291566  0.472394393
 2.300971182  0.556441334  2.300971182  0.564943863
 2.331650798  0.685582839  2.331650798  0.689628713
 2.362330413  0.829094134  2.362330413  0.829990279
 2.393010029  0.974219533  2.393010029  0.973154503
 2.423689645  1.111384120  2.423689645  1.109268127
 2.454369261  1.233102660  2.454369261  1.230573270
 2.485048876  1.333470605  2.485048876  1.330923162
 2.515728492  1.407989760  2.515728492  1.405606093
 2.546408108  1.453534707  2.546408108  1.451310121
 2.577087724  1.468357301  2.577087724  1.466129778
 2.607767339  1.452078285  2.607767339  1.449563214
 2.638446955  1.405641736  2.638446955  1.402474268
 2.669126571  1.331222565  2.669126571  1.327008784
 2.699806187  1.232086127  2.699806187  1.226463785
 2.730485802  1.112404954  2.730485802  1.105115052
 2.761165418  0.977042153  2.761165418  0.968014936
 2.791845034  0.831315063  2.791845034  0.820780438
 2.822524650  0.680758064  2.822524650  0.669407611
 2.853204265  0.530915442  2.853204265  0.520191527
 2.883883881  0.387236661  2.883883881  0.379975409
 2.914563497  0.255339941  2.914563497  0.257503753
 2.945243113  0.143191948  2.945243113  0.168431359
 2.975922728  0.077191224  2.975922728  0.140267911
 3.006602344  0.103719269  3.006602344  0.168977287
 3.037281960  0.157744931  3.037281960  0.210707100
 3.067961576  0.200818355  3.067961576  0.242917725
 3.098641192  0.227478596  3.098641192  0.259402462
 3.129320807  0.237784685  3.129320807  0.259380098
 3.160000423  0.233410880  3.160000423  0.244216222
 3.190680039  0.216822015  3.190680039  0.216365129
 3.221359655  0.190957007  3.221359655  0.178894361
 3.252039270  0.159080945  3.252039270  0.135210433
 3.282718886  0.124820531  3.282718886  0.088968296
 3.313398502  0.092621045  3.313398502  0.044883405
 3.344078118  0.069056069  3.344078118  0.022699351
 3.374757733  0.062495032  3.374757733  0.049225760
 3.405437349  0.072584007  3.405437349  0.078850599
 3.436116965  0.089063413  3.436116965  0.101461059
 3.466796581  0.104918807  3.466796581  0.115521030
 3.497476196  0.117493513  3.497476196  0.120810177
 3.528155812  0.126100651  3.528155812  0.117800187
 3.558835428  0.130902803  3.558835428  0.107472827
 3.589515044  0.132433772  3.589515044  0.091193750
 3.620194659  0.131338484  3.620194659  0.070599673
 3.650874275  0.128206163  3.650874275  0.047522810
 3.681553891  0.123471063  3.681553891  0.024197857
 3.712233507  0.117380582  3.712233507  0.009599704
 3.742913122  0.110027144  3.742913122  0.024664890
 3.773592738  0.101427068  3.773592738  0.041934488
 3.804272354  0.091620876  3.804272354  0.055547801
 3.834951970  0.080773482  3.834951970  0.064604762
 3.865631585  0.069268838  3.865631585  0.068852519
 3.896311201  0.057816463  3.896311201  0.068421674
 3.926990817  0.047598125  3.926990817  0.063747570
 3.957670433  0.040366498  3.957670433  0.055505915
 3.988350049  0.037883034  3.988350049  0.044544910
 4.019029664  0.040215197  4.019029664  0.031814052
 4.049709280  0.045328611  4.049709280  0.018293225
 4.080388896  0.050914930  4.080388896  0.004926190
 4.111068512  0.055406588  4.111068512  0.007437757
 4.141748127  0.057888327  4.141748127  0.018090815
 4.172427743  0.057863260  4.172427743  0.026500484
 4.203107359  0.055122469  4.203107359  0.032328826
 4.233786975  0.049707115  4.233786975  0.035437293
 4.264466590  0.041975123  4.264466590  0.035877973
 4.295146206  0.032932761  4.295146206  0.033872989
 4.325825822  0.025454745  4.325825822  0.029784447
 4.356505438  0.025930477  4.356505438  0.024077753
 4.387185053  0.036878231  4.387185053  0.017281348
 4.417864669  0.053509226  4.417864669  0.009946005
 4.448544285  0.072488265  4.448544285  0.002609088
 4.479223901  0.092202211  4.479223901  0.004264158
 4.509903516  0.111581344  4.509903516  0.010241941
 4.540583132  0.129724899  4.540583132  0.015030203
 4.571262748  0.145807395  4.571262748  0.018428654
 4.601942364  0.159068967  4.601942364  0.020349836
 4.632621979  0.168834406  4.632621979  0.020812984
 4.663301595  0.174542168  4.663301595  0.019932108
 4.693981211  0.175774968  4.693981211  0.017898867
 4.724660827  0.172287008  4.724660827  0.014961939
 4.755340442  0.164024528  4.755340442  0.011404868
 4.786020058  0.151137526  4.786020058  0.007525156
 4.816699674  0.133981699  4.816699674  0.003625676
 4.847379290  0.113111478  4.847379290  7.221015e-4
 4.878058905  0.089269367  4.878058905  0.003534392
 4.908738521  0.063394175  4.908738521  0.006213313
 4.939418137  0.036796353  4.939418137  0.008221114
 4.970097753  0.013922976  4.970097753  0.009496520
 5.000777369  0.023232056  5.000777369  0.010045056
 5.031456984  0.046721113  5.031456984  0.009922289
 5.062136600  0.068888414  5.062136600  0.009223039
 5.092816216  0.088020277  5.092816216  0.008070443
 5.123495832  0.103365226  5.123495832  0.006605494
 5.154175447  0.114478174  5.154175447  0.004979625
 5.184855063  0.121145704  5.184855063  0.003358934
 5.215534679  0.123367880  5.215534679  0.001984517
 5.246214295  0.121343465  5.246214295  0.001437659
 5.276893910  0.115449398  5.276893910  0.001999050
 5.307573526  0.106213291  5.307573526  0.002781470
 5.338253142  0.094279937  5.338253142  0.003396365
 5.368932758  0.080373628  5.368932758  0.003770636
 5.399612373  0.065258486  5.399612373  0.003909856
 5.430291989  0.049699182  5.430291989  0.003850343
 5.460971605  0.034424820  5.460971605  0.003643872
 5.491651221  0.020101797  5.491651221  0.003348527
 5.522330836  0.007369301  5.522330836  0.003020492
 5.553010452  0.004155835  5.553010452  0.002705327
 5.583690068  0.012606385  5.583690068  0.002429404
 5.614369684  0.018886035  5.614369684  0.002195301
 5.645049299  0.022781910  5.645049299  0.001986146
 5.675728915  0.024396147  5.675728915  0.001778888
 5.706408531  0.023981455  5.706408531  0.001560475
 5.737088147  0.021941054  5.737088147  0.001342807
 5.767767762  0.018874585  5.767767762  0.001176909
 5.798447378  0.015713979  5.798447378  0.001149204
 5.829126994  0.013895399  5.829126994  0.001309691
 5.859806610  0.014759969  5.859806610  0.001609619
 5.890486225  0.018003913  5.890486225  0.001964338
 5.921165841  0.022265331  5.921165841  0.002307033
 5.951845457  0.026504448  5.951845457  0.002590877
 5.982525073  0.030125327  5.982525073  0.002782671
 6.013204689  0.032790699  6.013204689  0.002859707
 6.043884304  0.034318333  6.043884304  0.002808815
 6.074563920  0.034634403  6.074563920  0.002626138
 6.105243536  0.033749297  6.105243536  0.002316946
 6.135923152  0.031741582  6.135923152  0.001895120
 6.166602767  0.028745240  6.166602767  0.001382216
 6.197282383  0.024939361  6.197282383  8.060540e-4
 6.227961999  0.020542414  6.227961999  1.989623e-4
 6.258641615  0.015819659  6.258641615  4.048885e-4
 6.289321230  0.011138382  6.289321230  9.704490e-4
 6.320000846  0.007233975  6.320000846  0.001465808
 6.350680462  0.005951001  6.350680462  0.001863307
 6.381360078  0.008132050  6.381360078  0.002141705
 6.412039693  0.011477155  6.412039693  0.002287578
 6.442719309  0.014708773  6.442719309  0.002296182
 6.473398925  0.017423980  6.473398925  0.002171727
 6.504078541  0.019462115  6.504078541  0.001927113
 6.534758156  0.020751695  6.534758156  0.001583331
 6.565437772  0.021270078  6.565437772  0.001169374
 6.596117388  0.021028941  6.596117388  7.272076e-4
 6.626797004  0.020066974  6.626797004  3.660251e-4
 6.657476619  0.018445016  6.657476619  4.568816e-4
 6.688156235  0.016242309  6.688156235  8.165473e-4
 6.718835851  0.013553816  6.718835851  0.001158085
 6.749515467  0.010489971  6.749515467  0.001425828
 6.780195082  0.007186466  6.780195082  0.001600658
 6.810874698  0.003885268  6.810874698  0.001675665
 6.841554314  0.002022680  6.841554314  0.001652332
 6.872233930  0.004386010  6.872233930  0.001539018
 6.902913545  0.007628587  6.902913545  0.001349656
 6.933593161  0.010779003  6.933593161  0.001102355
 6.964272777  0.013665981  6.964272777  8.181098e-4
 6.994952393  0.016208525  6.994952393  5.205932e-4
 7.025632009  0.018360067  7.025632009  2.457015e-4
 7.056311624  0.020100615  7.056311624  1.729939e-4
 7.086991240  0.021435811  7.086991240  3.684847e-4
 7.117670856  0.022396875  7.117670856  5.612706e-4
 7.148350472  0.023039706  7.148350472  7.099516e-4
 7.179030087  0.023442007  7.179030087  8.079576e-4
 7.209709703  0.023697334  7.209709703  8.559498e-4
 7.240389319  0.023905173  7.240389319  8.585010e-4
 7.271068935  0.024157112  7.271068935  8.226954e-4
 7.301748550  0.024521225  7.301748550  7.570200e-4
 7.332428166  0.025028964  7.332428166  6.703817e-4
 7.363107782  0.025669350  7.363107782  5.712914e-4
 7.393787398  0.026392646  7.393787398  4.672846e-4
 7.424467013  0.027121579  7.424467013  3.646373e-4
 7.455146629  0.027765621  7.455146629  2.684278e-4
 7.485826245  0.028234233  7.485826245  1.830753e-4
 7.516505861  0.028446937  7.516505861  1.140537e-4
 7.547185476  0.028339901  7.547185476  7.326539e-5
 7.577865092  0.027869620  7.577865092  7.510918e-5
 7.608544708  0.027014452  7.608544708  9.923610e-5
 7.639224324  0.025774643  7.639224324  1.247193e-4
 7.669903939  0.024171318  7.669903939  1.489797e-4
 7.700583555  0.022244771  7.700583555  1.759085e-4
 7.731263171  0.020052383  7.731263171  2.098163e-4
 7.761942787  0.017666557  7.761942787  2.519354e-4
 7.792622402  0.015173255  7.792622402  2.995064e-4
 7.823302018  0.012672224  7.823302018  3.469604e-4
 7.853981634  0.010280890  7.853981634  3.874947e-4
 7.884661250  0.008145020  7.884661250  4.142597e-4
 7.915340865  0.006455119  7.915340865  4.211998e-4
 7.946020481  0.005431912  7.946020481  4.036998e-4
 7.976700097  0.005177333  7.976700097  3.590881e-4
 8.007379713  0.005491122  8.007379713  2.870001e-4
 8.038059329  0.006021896  8.038059329  1.896545e-4
 8.068738944  0.006510699  8.068738944  7.324968e-5
 8.099418560  0.006826082  8.099418560  6.965638e-5
 8.130098176  0.006919378  8.130098176  2.070299e-4
 8.160777792  0.006791578  8.160777792  3.443011e-4
 8.191457407  0.006477113  8.191457407  4.697462e-4
 8.222137023  0.006036918  8.222137023  5.739498e-4
 8.252816639  0.005555371  8.252816639  6.488100e-4
 8.283496255  0.005135236  8.283496255  6.880635e-4
 8.314175870  0.004880368  8.314175870  6.877856e-4
 8.344855486  0.004858496  8.344855486  6.467311e-4
 8.375535102  0.005064819  8.375535102  5.664737e-4
 8.406214718  0.005427715  8.406214718  4.513301e-4
 8.436894333  0.005851212  8.436894333  3.080763e-4
 8.467573949  0.006250459  8.467573949  1.455144e-4
 8.498253565  0.006564373  8.498253565  2.768676e-5
 8.528933181  0.006755446  8.528933181  1.972746e-4
 8.559612796  0.006806037  8.559612796  3.556463e-4
 8.590292412  0.006714517  8.590292412  4.922553e-4
 8.620972028  0.006491806  8.620972028  5.988582e-4
 8.651651644  0.006158046  8.651651644  6.693077e-4
 8.682331259  0.005739164  8.682331259  6.999123e-4
 8.713010875  0.005263142  8.713010875  6.896282e-4
 8.743690491  0.004756060  8.743690491  6.400620e-4
 8.774370107  0.004238224  8.774370107  5.552936e-4
 8.805049722  0.003721159  8.805049722  4.415584e-4
 8.835729338  0.003206583  8.835729338  3.069017e-4
 8.866408954  0.002688569  8.866408954  1.615288e-4
 8.897088570  0.002160079  8.897088570  4.390721e-5
 8.927768185  0.001627406  8.927768185  1.490537e-4
 8.958447801  0.001151544  8.958447801  2.784785e-4
 8.989127417  9.642752e-4  8.989127417  3.893891e-4
 9.019807033  0.001311394  9.019807033  4.749405e-4
 9.050486649  0.001976816  9.050486649  5.314338e-4
 9.081166264  0.002752213  9.081166264  5.573906e-4
 9.111845880  0.003549862  9.111845880  5.533872e-4
 9.142525496  0.004316894  9.142525496  5.219035e-4
 9.173205112  0.005010193  9.173205112  4.671481e-4
 9.203884727  0.005591506  9.203884727  3.949529e-4
 9.234564343  0.006027353  9.234564343  3.130154e-4
 9.265243959  0.006290117  9.265243959  2.323517e-4
 9.295923575  0.006359261  9.295923575  1.719692e-4
 9.326603190  0.006222322  9.326603190  1.597934e-4
 9.357282806  0.005875545  9.357282806  1.961672e-4
 9.387962422  0.005324129  9.387962422  2.494849e-4
 9.418642038  0.004582115  9.418642038  2.994019e-4
 9.449321653  0.003672140  9.449321653  3.379529e-4
 9.480001269  0.002625957  9.480001269  3.625786e-4
 9.510680885  0.001492139  9.510680885  3.734575e-4
 9.541360501  4.964300e-4  9.541360501  3.725064e-4
 9.572040116  0.001177359  9.572040116  3.627984e-4
 9.602719732  0.002382431  9.602719732  3.479905e-4
 9.633399348  0.003569507  9.633399348  3.316124e-4
 9.664078964  0.004674970  9.664078964  3.162432e-4
 9.694758579  0.005660219  9.694758579  3.028422e-4
 9.725438195  0.006495316  9.725438195  2.906468e-4
 9.756117811  0.007157657  9.756117811  2.778319e-4
 9.786797427  0.007632260  9.786797427  2.626707e-4
 9.817477042  0.007912224  9.817477042  2.447615e-4
 9.848156658  0.007999126  9.848156658  2.260798e-4
 9.878836274  0.007903306  9.878836274  2.115971e-4
 9.909515890  0.007644114  9.909515890  2.083327e-4
 9.940195505  0.007250204  9.940195505  2.212460e-4
 9.970875121  0.006759958  9.970875121  2.488368e-4
