# Plot Data for PdO Reference_PdK_mu_ref_timeseries_nAverage300.dat
#---------------------------------
#  X1          data__mag_    X2         model__mag_  
 0.000000000  0.036017600  0.000000000  0.048645838
 0.030679616  0.035331372  0.030679616  0.046718845
 0.061359232  0.033648609  0.061359232  0.041457462
 0.092038847  0.032018048  0.092038847  0.034609445
 0.122718463  0.031742367  0.122718463  0.029643716
 0.153398079  0.033452423  0.153398079  0.030620846
 0.184077695  0.036493221  0.184077695  0.037190233
 0.214757310  0.039467360  0.214757310  0.045210876
 0.245436926  0.041098003  0.245436926  0.051365126
 0.276116542  0.040673279  0.276116542  0.053827798
 0.306796158  0.038248985  0.306796158  0.051893608
 0.337475773  0.034857742  0.337475773  0.045941558
 0.368155389  0.032640792  0.368155389  0.037843181
 0.398835005  0.033975728  0.398835005  0.032015853
 0.429514621  0.039162804  0.429514621  0.034372918
 0.460194236  0.046094353  0.460194236  0.044414826
 0.490873852  0.052276740  0.490873852  0.056452385
 0.521553468  0.055886484  0.521553468  0.066256090
 0.552233084  0.055937777  0.552233084  0.071383274
 0.582912699  0.052404846  0.582912699  0.070599691
 0.613592315  0.046561673  0.613592315  0.063846120
 0.644271931  0.041579068  0.644271931  0.052678933
 0.674951547  0.042092520  0.674951547  0.041732927
 0.705631162  0.049872018  0.705631162  0.040394339
 0.736310778  0.061618423  0.736310778  0.052852326
 0.766990394  0.073129734  0.766990394  0.071113490
 0.797670010  0.081503032  0.797670010  0.087911179
 0.828349625  0.085242494  0.828349625  0.099092018
 0.859029241  0.084392759  0.859029241  0.102246794
 0.889708857  0.080992951  0.889708857  0.096417799
 0.920388473  0.079406518  0.920388473  0.082463316
 0.951068088  0.084735038  0.951068088  0.064439801
 0.981747704  0.098448863  0.981747704  0.053543237
 1.012427320  0.116913309  1.012427320  0.064477105
 1.043106936  0.134595967  1.043106936  0.091283665
 1.073786552  0.146432548  1.073786552  0.120376213
 1.104466167  0.148456184  1.104466167  0.143879352
 1.135145783  0.138033559  1.135145783  0.157144301
 1.165825399  0.114255495  1.165825399  0.157567779
 1.196505015  0.079188908  1.196505015  0.144787062
 1.227184630  0.046657421  1.227184630  0.121815665
 1.257864246  0.066624082  1.257864246  0.098356704
 1.288543862  0.124525870  1.288543862  0.095072776
 1.319223478  0.188018110  1.319223478  0.123891877
 1.349903093  0.246766616  1.349903093  0.169048720
 1.380582709  0.294152582  1.380582709  0.213993592
 1.411262325  0.325158021  1.411262325  0.248797448
 1.441941941  0.336728790  1.441941941  0.267368821
 1.472621556  0.328668676  1.472621556  0.266847197
 1.503301172  0.305038317  1.503301172  0.248569944
 1.533980788  0.276346019  1.533980788  0.220665287
 1.564660404  0.261144181  1.564660404  0.202355373
 1.595340019  0.278615705  1.595340019  0.219526573
 1.626019635  0.330220565  1.626019635  0.277290061
 1.656699251  0.399718456  1.656699251  0.356464182
 1.687378867  0.469071803  1.687378867  0.437055712
 1.718058482  0.524947710  1.718058482  0.504849244
 1.748738098  0.558989853  1.748738098  0.550371393
 1.779417714  0.567849856  1.779417714  0.568658537
 1.810097330  0.553981982  1.810097330  0.560151874
 1.840776945  0.527003942  1.840776945  0.532395789
 1.871456561  0.504497714  1.871456561  0.501993904
 1.902136177  0.508158335  1.902136177  0.493463703
 1.932815793  0.551153296  1.932815793  0.527435767
 1.963495408  0.627721059  1.963495408  0.603684600
 1.994175024  0.719761704  1.994175024  0.703227059
 2.024854640  0.809275252  2.024854640  0.804054272
 2.055534256  0.884850764  2.055534256  0.890324020
 2.086213872  0.944311591  2.086213872  0.955453428
 2.116893487  0.996432570  2.116893487  1.004166173
 2.147573103  1.060912948  2.147573103  1.053987068
 2.178252719  1.163151922  2.178252719  1.132773779
 2.208932335  1.322685313  2.208932335  1.267934414
 2.239611950  1.542966954  2.239611950  1.471565233
 2.270291566  1.811222309  2.270291566  1.735033385
 2.300971182  2.105300462  2.300971182  2.035668219
 2.331650798  2.400056631  2.331650798  2.345537077
 2.362330413  2.671033908  2.362330413  2.636744442
 2.393010029  2.896449976  2.393010029  2.884041468
 2.423689645  3.058466136  2.423689645  3.066333017
 2.454369261  3.144107923  2.454369261  3.167765563
 2.485048876  3.145889305  2.485048876  3.178523208
 2.515728492  3.062100667  2.515728492  3.095284214
 2.546408108  2.896722609  2.546408108  2.921276158
 2.577087724  2.658959952  2.577087724  2.665905279
 2.607767339  2.362429767  2.607767339  2.343988823
 2.638446955  2.024075925  2.638446955  1.974682710
 2.669126571  1.662920861  2.669126571  1.580291440
 2.699806187  1.298814878  2.699806187  1.185367767
 2.730485802  0.951456675  2.730485802  0.817284267
 2.761165418  0.640369290  2.761165418  0.512790444
 2.791845034  0.388375729  2.791845034  0.341755927
 2.822524650  0.236824934  2.822524650  0.362972224
 2.853204265  0.229759656  2.853204265  0.460607605
 2.883883881  0.285290658  2.883883881  0.533794647
 2.914563497  0.322270416  2.914563497  0.556720524
 2.945243113  0.323138283  2.945243113  0.528761383
 2.975922728  0.290914926  2.975922728  0.458361508
 3.006602344  0.235768103  3.006602344  0.358469228
 3.037281960  0.173522318  3.037281960  0.245341802
 3.067961576  0.130977925  3.067961576  0.142885764
 3.098641192  0.139121275  3.098641192  0.106711504
 3.129320807  0.183094918  3.129320807  0.156751743
 3.160000423  0.230377447  3.160000423  0.214809761
 3.190680039  0.266444473  3.190680039  0.251107154
 3.221359655  0.286784301  3.221359655  0.259764704
 3.252039270  0.291471754  3.252039270  0.241712059
 3.282718886  0.283385772  3.282718886  0.201407183
 3.313398502  0.267445773  3.313398502  0.145718023
 3.344078118  0.250023031  3.344078118  0.084153922
 3.374757733  0.237904687  3.374757733  0.040656076
 3.405437349  0.236203642  3.405437349  0.067830553
 3.436116965  0.245983344  3.436116965  0.111914614
 3.466796581  0.264090743  3.466796581  0.144244433
 3.497476196  0.285486692  3.497476196  0.159938848
 3.528155812  0.305454836  3.528155812  0.158336002
 3.558835428  0.320435707  3.558835428  0.141057159
 3.589515044  0.328050093  3.589515044  0.111457917
 3.620194659  0.326935363  3.620194659  0.074449438
 3.650874275  0.316620634  3.650874275  0.038462113
 3.681553891  0.297463891  3.681553891  0.032209510
 3.712233507  0.270622830  3.712233507  0.059378526
 3.742913122  0.238039340  3.742913122  0.085233842
 3.773592738  0.202449705  3.773592738  0.101924781
 3.804272354  0.167468998  3.804272354  0.107640704
 3.834951970  0.137743996  3.834951970  0.102514229
 3.865631585  0.118609982  3.865631585  0.087982826
 3.896311201  0.113546412  3.896311201  0.066483517
 3.926990817  0.120499355  3.926990817  0.041359928
 3.957670433  0.133554207  3.957670433  0.018835797
 3.988350049  0.147644802  3.988350049  0.021495918
 4.019029664  0.159971820  4.019029664  0.039723487
 4.049709280  0.169388872  4.049709280  0.054378747
 4.080388896  0.175817815  4.080388896  0.062458074
 4.111068512  0.180115336  4.111068512  0.063398312
 4.141748127  0.184278576  4.141748127  0.057666207
 4.172427743  0.191636627  4.172427743  0.046461684
 4.203107359  0.206371158  4.203107359  0.031526414
 4.233786975  0.231933344  4.233786975  0.015180985
 4.264466590  0.269298586  4.264466590  0.006935251
 4.295146206  0.316628073  4.295146206  0.019329995
 4.325825822  0.370219495  4.325825822  0.030862130
 4.356505438  0.425562319  4.356505438  0.038451870
 4.387185053  0.478009786  4.387185053  0.041498473
 4.417864669  0.523188054  4.417864669  0.040067847
 4.448544285  0.557299359  4.448544285  0.034727539
 4.479223901  0.577372390  4.479223901  0.026439531
 4.509903516  0.581454579  4.509903516  0.016499134
 4.540583132  0.568726026  4.540583132  0.007130251
 4.571262748  0.539519671  4.571262748  0.007798091
 4.601942364  0.495245079  4.601942364  0.015386063
 4.632621979  0.438230084  4.632621979  0.021534330
 4.663301595  0.371517678  4.663301595  0.025109778
 4.693981211  0.298699845  4.693981211  0.025902972
 4.724660827  0.224004359  4.724660827  0.024094746
 4.755340442  0.153433141  4.755340442  0.020145951
 4.786020058  0.100452690  4.786020058  0.014722275
 4.816699674  0.095310789  4.816699674  0.008675569
 4.847379290  0.136903081  4.847379290  0.003723624
 4.878058905  0.191512871  4.878058905  0.005418678
 4.908738521  0.245294557  4.908738521  0.009575042
 4.939418137  0.293768786  4.939418137  0.012683497
 4.970097753  0.334689399  4.970097753  0.014286461
 5.000777369  0.366403962  5.000777369  0.014359396
 5.031456984  0.387513851  5.031456984  0.013080352
 5.062136600  0.396903111  5.062136600  0.010765425
 5.092816216  0.393886366  5.092816216  0.007829950
 5.123495832  0.378372409  5.123495832  0.004812477
 5.154175447  0.350987760  5.154175447  0.002790007
 5.184855063  0.313131340  5.184855063  0.003481258
 5.215534679  0.266953346  5.215534679  0.005219931
 5.246214295  0.215274867  5.246214295  0.006568624
 5.276893910  0.161506678  5.276893910  0.007248513
 5.307573526  0.109766531  5.307573526  0.007257073
 5.338253142  0.066102248  5.338253142  0.006699132
 5.368932758  0.043839777  5.368932758  0.005736329
 5.399612373  0.052792467  5.399612373  0.004558582
 5.430291989  0.069727235  5.430291989  0.003369581
 5.460971605  0.080213218  5.460971605  0.002394586
 5.491651221  0.081033824  5.491651221  0.001885557
 5.522330836  0.072144129  5.522330836  0.001917682
 5.553010452  0.054907665  5.553010452  0.002210238
 5.583690068  0.032097495  5.583690068  0.002512641
 5.614369684  0.015492955  5.614369684  0.002745296
 5.645049299  0.035310046  5.645049299  0.002902650
 5.675728915  0.063933521  5.675728915  0.002989780
 5.706408531  0.090823558  5.706408531  0.002998734
 5.737088147  0.113347811  5.737088147  0.002907825
 5.767767762  0.130000746  5.767767762  0.002692593
 5.798447378  0.139968562  5.798447378  0.002339926
 5.829126994  0.143056990  5.829126994  0.001863587
 5.859806610  0.139631858  5.859806610  0.001336109
 5.890486225  0.130533748  5.890486225  0.001000715
 5.921165841  0.116967786  5.921165841  0.001242670
 5.951845457  0.100378845  5.951845457  0.001863676
 5.982525073  0.082326051  5.982525073  0.002528246
 6.013204689  0.064373130  6.013204689  0.003084148
 6.043884304  0.048014462  6.043884304  0.003446152
 6.074563920  0.034650312  6.074563920  0.003560569
 6.105243536  0.025522310  6.105243536  0.003400947
 6.135923152  0.021148693  6.135923152  0.002969390
 6.166602767  0.020348225  6.166602767  0.002298460
 6.197282383  0.021202187  6.197282383  0.001457693
 6.227961999  0.022900490  6.227961999  6.387575e-4
 6.258641615  0.025625416  6.258641615  8.408987e-4
 6.289321230  0.029559831  6.289321230  0.001697060
 6.320000846  0.034341680  6.320000846  0.002470807
 6.350680462  0.039179607  6.350680462  0.003029397
 6.381360078  0.043173080  6.381360078  0.003310194
 6.412039693  0.045530300  6.412039693  0.003285622
 6.442719309  0.045691601  6.442719309  0.002960802
 6.473398925  0.043442433  6.473398925  0.002371850
 6.504078541  0.039115689  6.504078541  0.001582133
 6.534758156  0.034071759  6.534758156  6.809455e-4
 6.565437772  0.031551090  6.565437772  3.307715e-4
 6.596117388  0.035830457  6.596117388  0.001173779
 6.626797004  0.047531182  6.626797004  0.001898887
 6.657476619  0.063899458  6.657476619  0.002412752
 6.688156235  0.082454682  6.688156235  0.002671015
 6.718835851  0.101511083  6.718835851  0.002658507
 6.749515467  0.119814449  6.749515467  0.002388454
 6.780195082  0.136365457  6.780195082  0.001899706
 6.810874698  0.150380062  6.810874698  0.001251630
 6.841554314  0.161302049  6.841554314  5.185470e-4
 6.872233930  0.168829187  6.872233930  2.471446e-4
 6.902913545  0.172934959  6.902913545  9.217087e-4
 6.933593161  0.173875056  6.933593161  0.001478254
 6.964272777  0.172169746  6.964272777  0.001863226
 6.994952393  0.168553014  6.994952393  0.002050152
 7.025632009  0.163880004  7.025632009  0.002034664
 7.056311624  0.158990621  7.056311624  0.001833213
 7.086991240  0.154545405  7.086991240  0.001480358
 7.117670856  0.150878370  7.117670856  0.001026196
 7.148350472  0.147929230  7.148350472  5.452582e-4
 7.179030087  0.145294642  7.179030087  3.051225e-4
 7.209709703  0.142378881  7.209709703  6.297206e-4
 7.240389319  0.138577523  7.240389319  0.001000601
 7.271068935  0.133429421  7.271068935  0.001279242
 7.301748550  0.126706152  7.301748550  0.001438783
 7.332428166  0.118439046  7.332428166  0.001475797
 7.363107782  0.108897223  7.363107782  0.001401154
 7.393787398  0.098530758  7.393787398  0.001236497
 7.424467013  0.087889593  7.424467013  0.001011798
 7.455146629  0.077526638  7.455146629  7.650588e-4
 7.485826245  0.067896212  7.485826245  5.484521e-4
 7.516505861  0.059268994  7.516505861  4.397614e-4
 7.547185476  0.051697867  7.547185476  4.822785e-4
 7.577865092  0.045068740  7.577865092  5.985811e-4
 7.608544708  0.039239530  7.608544708  7.119051e-4
 7.639224324  0.034222369  7.639224324  7.934589e-4
 7.669903939  0.030325214  7.669903939  8.370862e-4
 7.700583555  0.028113200  7.700583555  8.452680e-4
 7.731263171  0.028020927  7.731263171  8.230537e-4
 7.761942787  0.029833268  7.761942787  7.749182e-4
 7.792622402  0.032712385  7.792622402  7.035325e-4
 7.823302018  0.035701095  7.823302018  6.104597e-4
 7.853981634  0.038069221  7.853981634  4.989311e-4
 7.884661250  0.039404543  7.884661250  3.799450e-4
 7.915340865  0.039618130  7.915340865  2.873238e-4
 7.946020481  0.038943720  7.946020481  2.884018e-4
 7.976700097  0.037927092  7.976700097  3.904560e-4
 8.007379713  0.037346598  8.007379713  5.252316e-4
 8.038059329  0.037972859  8.038059329  6.462694e-4
 8.068738944  0.040193234  8.068738944  7.278396e-4
 8.099418560  0.043796667  8.099418560  7.537993e-4
 8.130098176  0.048135661  8.130098176  7.152890e-4
 8.160777792  0.052448058  8.160777792  6.109725e-4
 8.191457407  0.056071683  8.191457407  4.478516e-4
 8.222137023  0.058524054  8.222137023  2.449358e-4
 8.252816639  0.059514018  8.252816639  1.099149e-4
 8.283496255  0.058928657  8.283496255  2.931329e-4
 8.314175870  0.056810640  8.314175870  5.141218e-4
 8.344855486  0.053329951  8.344855486  6.978129e-4
 8.375535102  0.048751426  8.375535102  8.196583e-4
 8.406214718  0.043399685  8.406214718  8.645500e-4
 8.436894333  0.037623622  8.436894333  8.259619e-4
 8.467573949  0.031762987  8.467573949  7.064870e-4
 8.498253565  0.026119702  8.498253565  5.179100e-4
 8.528933181  0.020936551  8.528933181  2.818903e-4
 8.559612796  0.016385723  8.559612796  8.082576e-5
 8.590292412  0.012569460  8.590292412  2.773065e-4
 8.620972028  0.009533483  8.620972028  5.103446e-4
 8.651651644  0.007287727  8.651651644  6.941559e-4
 8.682331259  0.005812048  8.682331259  8.071033e-4
 8.713010875  0.005012946  8.713010875  8.376096e-4
 8.743690491  0.004669878  8.743690491  7.834539e-4
 8.774370107  0.004494653  8.774370107  6.516670e-4
 8.805049722  0.004261527  8.805049722  4.577229e-4
 8.835729338  0.003884424  8.835729338  2.248641e-4
 8.866408954  0.003481780  8.866408954  6.043091e-5
 8.897088570  0.003466709  8.897088570  2.775721e-4
 8.927768185  0.004302587  8.927768185  4.803292e-4
 8.958447801  0.005931791  8.958447801  6.286700e-4
 8.989127417  0.008006484  8.989127417  7.081157e-4
 9.019807033  0.010230700  9.019807033  7.128284e-4
 9.050486649  0.012373620  9.050486649  6.453849e-4
 9.081166264  0.014242576  9.081166264  5.162581e-4
 9.111845880  0.015676757  9.111845880  3.431534e-4
 9.142525496  0.016550795  9.142525496  1.558459e-4
 9.173205112  0.016780660  9.173205112  1.176014e-4
 9.203884727  0.016329047  9.203884727  2.817342e-4
 9.234564343  0.015210087  9.234564343  4.306289e-4
 9.265243959  0.013495877  9.265243959  5.337483e-4
 9.295923575  0.011333085  9.295923575  5.817179e-4
 9.326603190  0.008995149  9.326603190  5.732307e-4
 9.357282806  0.007034655  9.357282806  5.136806e-4
 9.387962422  0.006447914  9.387962422  4.144113e-4
 9.418642038  0.007801979  9.418642038  2.929666e-4
 9.449321653  0.010338077  9.449321653  1.802772e-4
 9.480001269  0.013237147  9.480001269  1.494258e-4
 9.510680885  0.016081799  9.510680885  2.213048e-4
 9.541360501  0.018660828  9.541360501  3.074675e-4
 9.572040116  0.020857696  9.572040116  3.716376e-4
 9.602719732  0.022610189  9.602719732  4.046458e-4
 9.633399348  0.023893775  9.633399348  4.059086e-4
 9.664078964  0.024712062  9.664078964  3.793693e-4
 9.694758579  0.025089272  9.694758579  3.317989e-4
 9.725438195  0.025063392  9.725438195  2.716897e-4
 9.756117811  0.024680050  9.756117811  2.088147e-4
 9.786797427  0.023987668  9.786797427  1.551827e-4
 9.817477042  0.023034472  9.817477042  1.265839e-4
 9.848156658  0.021867702  9.848156658  1.323393e-4
 9.878836274  0.020534908  9.878836274  1.591674e-4
 9.909515890  0.019086763  9.909515890  1.896776e-4
 9.940195505  0.017580450  9.940195505  2.148850e-4
 9.970875121  0.016082512  9.970875121  2.305893e-4
